0.004999999888241291 1629.4558294316462
0.007497499832417816 1629.7749940840176
0.00999499977659434 1630.1089949703296
0.012492499720770864 1630.4749764108258
0.01498999966494739 1630.8900827257517
0.017487499609123915 1631.3714582353525
0.019984999553300437 1631.9362472598737
0.022482499497476962 1632.6015941195594
0.024979999441653487 1633.384643134655
0.027477499385830013 1634.3025386254055
0.029974999330006535 1635.3724249120562
0.03247249927418306 1636.5243974541547
0.03496999921835958 1637.6898841306347
0.03746749916253611 1638.8880278908175
0.03996499910671263 1640.1379716840258
0.042462499050889155 1641.4588584595822
0.044959998995065684 1642.8698311668086
0.047457498939242206 1644.3900327550273
0.04995499888341873 1646.0386061735605
0.052452498827595256 1647.8346943717306
0.05494999877177178 1649.79744029886
0.0574474987159483 1651.8473892779457
0.05994499866012483 1653.906359557537
0.06244249860430135 1655.9954034752866
0.06493999854847787 1658.1355733688456
0.0674374984926544 1660.3479215758657
0.06993499843683093 1662.6535004339996
0.07243249838100745 1665.0733622808982
0.07492999832518397 1667.6285594542135
0.0774274982693605 1670.340144291597
0.07992499821353702 1673.2291691307007
0.08242249815771355 1676.2085009078917
0.08491999810189006 1679.1924124592813
0.08741749804606659 1682.2040649721373
0.08991499799024312 1685.2666196337286
0.09241249793441964 1688.403237631323
0.09490999787859616 1691.6370801521887
0.09740749782277269 1694.991308383594
0.09990499776694922 1698.4890835128072
0.10240249771112574 1702.1535667270966
0.10489999765530227 1706.0079192137302
0.1073974975994788 1709.955585197513
0.10989499754365531 1713.90174284049
0.11239249748783184 1717.872154235787
0.11488999743200837 1721.892581476532
0.1173874973761849 1725.9887866558515
0.11988499732036141 1730.1865318668729
0.12238249726453794 1734.511579202723
0.12487999720871445 1738.989690756528
0.12737749715289098 1743.6466286214163
0.1298749970970675 1748.508154890514
0.13237249704124404 1753.4677882295882
0.13486999698542057 1758.4203550053926
0.1373674969295971 1763.3935788625356
0.1398649968737736 1768.4151834456259
0.14236249681795013 1773.5128923992713
0.14485999676212666 1778.7144293680803
0.1473574967063032 1784.047517996662
0.14985499665047972 1789.5398819296236
0.15235249659465624 1795.2192448115745
0.15484999653883275 1801.1133302871224
0.15734749648300927 1807.099866211919
0.1598449964271858 1813.062424859729
0.16234249637136233 1819.0374965023298
0.16483999631553883 1825.0615714115
0.16733749625971536 1831.171139859017
0.1698349962038919 1837.4026921166587
0.17233249614806842 1843.7927184562027
0.17482999609224495 1850.3777091494276
0.17732749603642148 1857.1941544681104
0.179824995980598 1864.2785446840296
0.18232249592477454 1871.415367547718
0.18481999586895106 1878.4479170599307
0.1873174958131276 1885.500892867778
0.1898149957573041 1892.698994618371
0.19231249570148062 1900.1669219588198
0.19480999564565715 1908.0293745362358
0.19730749558983368 1916.4110519977287
0.1998049955340102 1925.4366539904104
0.20230249547818674 1935.2308801613901
0.20479999542236324 1945.9184301577793
0.20729749536653977 1957.0769200563284
0.2097949953107163 1968.2262250350154
0.21229249525489283 1979.4044333927927
0.21478999519906933 1990.6496334286126
0.21728749514324586 2001.999913441428
0.21978499508742239 2013.4933617301904
0.22228249503159891 2025.168066593853
0.22477999497577544 2037.0621163313674
0.22727749491995197 2049.213599241687
0.22977499486412847 2061.660603623763
0.232272494808305 2074.353011149959
0.23476999475248153 2087.1620743273465
0.23726749469665806 2100.007937706937
0.23976499464083456 2112.810745839744
0.2422624945850111 2125.490643276782
0.24475999452918762 2137.967774569063
0.24725749447336415 2150.162284267601
0.24975499441754068 2161.9943169234098
0.2522524943617172 2173.3840170875023
0.25474999430589373 2184.251529310892
0.25724749425007026 2194.876494917285
0.2597449941942468 2205.5442006989174
0.2622424941384233 2216.183259409599
0.26473999408259985 2226.722283803136
0.2672374940267764 2237.089886633338
0.2697349939709529 2247.2146806540136
0.2722324939151294 2257.0252786189694
0.2747299938593059 2266.450293282015
0.27722749380348244 2275.418337396958
0.27972499374765897 2283.858023717607
0.2822224936918355 2292.0792561792796
0.284719993636012 2300.4083613820517
0.28721749358018855 2308.7985860768663
0.2897149935243651 2317.203177014669
0.2922124934685416 2325.5753809464036
0.29470999341271814 2333.868444623014
0.2972074933568946 2342.035614795445
0.29970499330107114 2350.03013821464
0.30220249324524767 2357.8052616315445
0.3046999931894242 2365.314231797102
0.30719749313360073 2372.729501717263
0.30969499307777726 2380.225381117048
0.3121924930219538 2387.757901826006
0.3146899929661303 2395.2830956736875
0.31718749291030685 2402.756994489642
0.3196849928544834 2410.135630103419
0.32218249279865985 2417.375034344567
0.3246799927428364 2424.4312390426367
0.3271774926870129 2431.2602760271784
0.32967499263118943 2437.81817712774
0.33217249257536596 2444.2900451370874
0.3346699925195425 2450.8599686780394
0.337167492463719 2457.4824583252225
0.33966499240789555 2464.112024653268
0.3421624923520721 2470.7031782368017
0.3446599922962486 2477.210429650452
0.3471574922404251 2483.5882894688493
0.3496549921846016 2489.791268266622
0.35215249212877814 2495.7738766183966
0.3546499920729547 2501.4906250988024
0.35714749201713125 2507.139925173788
0.3596449919613078 2512.914969381258
0.3621424919054843 2518.7624399037777
0.36463999184966084 2524.6290189239126
0.36713749179383737 2530.4613886242264
0.3696349917380139 2536.206231187286
0.37213249168219037 2541.810228795654
0.3746299916263669 2547.2200636318976
0.3771274915705434 2552.382417878581
0.37962499151471996 2557.2439737182676
0.3821224914588965 2562.0169992414817
0.384619991403073 2566.9153140915246
0.38711749134724954 2571.887927780128
0.38961499129142607 2576.883849819025
0.3921124912356026 2581.8520897199483
0.39460999117977913 2586.7416569946304
0.3971074911239556 2591.5015611548038
0.39960499106813213 2596.080811712202
0.40210249101230866 2600.428418178557
0.4045999909564852 2604.4933900656015
0.4070974909006617 2608.47427763766
0.40959499084483825 2612.573201657545
0.4120924907890148 2616.744527384716
0.4145899907331913 2620.942620078638
0.41708749067736783 2625.1218449987705
0.41958499062154436 2629.2365674045773
0.42208249056572084 2633.241152555521
0.42457999050989736 2637.0899657110617
0.4270774904540739 2640.7373721306635
0.4295749903982504 2644.137737073788
0.43207249034242695 2647.4618674017147
0.4345699902866035 2650.8857453420555
0.43706749023078 2654.3714992037667
0.43956499017495654 2657.881257295808
0.44206249011913307 2661.3771479271363
0.4445599900633096 2664.821299406709
0.44705749000748607 2668.1758400434846
0.4495549899516626 2671.4028981464194
0.4520524898958391 2674.4646020244727
0.45454998984001566 2677.323079986603
0.4570474897841922 2680.113512629789
0.4595449897283687 2682.9766549988713
0.46204248967254524 2685.8829970745933
0.46453998961672177 2688.8030288377036
0.4670374895608983 2691.7072402689473
0.46953498950507483 2694.5661213490685
0.4720324894492513 2697.350162058814
0.47452998939342783 2700.02985237893
0.47702748933760436 2702.5756822901617
0.47952498928178094 2704.9581417732547
0.4820224892259575 2707.2406453828276
0.484519989170134 2709.502532813591
0.48701748911431053 2711.738181756428
0.48951498905848706 2713.941969902221
0.4920124890026636 2716.108274941854
0.4945099889468401 2718.2314745662106
0.4970074888910166 2720.3059464661733
0.4995049888351931 2722.3260683326257
0.5020024887793697 2724.2862178564515
0.5044999887235462 2726.180772728533
0.5069974886677227 2727.9810949517296
0.5094949886118992 2729.6735071090116
0.5119924885560757 2731.2748277614296
0.5144899885002523 2732.801875470036
0.5169874884444288 2734.2714687958814
0.5194849883886054 2735.700426300018
0.5219824883327818 2737.1055665434965
0.5244799882769584 2738.5037080873676
0.5269774882211349 2739.9116694926843
0.5294749881653114 2741.3462693204965
0.5319724881094878 2742.7068339386437
0.5344699880536644 2743.90198269018
0.5369674879978409 2744.962473598976
0.5394649879420175 2745.9190646889047
0.5419624878861939 2746.8025139838373
0.5444599878303705 2747.643579507647
0.546957487774547 2748.4730192842053
0.5494549877187236 2749.321591337384
0.5519524876629001 2750.2200536910545
0.5544499876070766 2751.1991643690903
0.5569474875512531 2752.1269302485935
0.5594449874954297 2752.8737839801897
0.5619424874396062 2753.4741222480366
0.5644399873837828 2753.9623417362914
0.5669374873279592 2754.372839129113
0.5694349872721358 2754.7400111106567
0.5719324872163123 2755.098254365082
0.5744299871604889 2755.481965576545
0.5769274871046653 2755.9255414292043
0.5794249870488419 2756.463378607216
0.5819224869930184 2756.9441268704263
0.584419986937195 2757.218757829837
0.5869174868813715 2757.3251509463394
0.589414986825548 2757.301185680826
0.5919124867697245 2757.1847414941885
0.5944099867139011 2757.0136978473174
0.5969074866580776 2756.8259342011065
0.5994049866022542 2756.6593300164463
0.6019024865464306 2756.551764754229
0.6043999864906071 2756.541117875347
0.6068974864347836 2756.4824465123556
0.6093949863789602 2756.2291128000065
0.6118924863231366 2755.816453702484
0.6143899862673132 2755.279806183976
0.6168874862114897 2754.6545072086656
0.6193849861556663 2753.9758937407396
0.6218824860998428 2753.2793027443818
0.6243799860440193 2752.600071183779
0.6268774859881958 2751.9735360231175
0.6293749859323724 2751.4350342265807
0.6318724858765489 2750.8628504854505
0.6343699858207255 2750.130479284402
0.6368674857649019 2749.2660722777086
0.6393649857090785 2748.2977811196483
0.641862485653255 2747.2537574644934
0.6443599855974316 2746.1621529665217
0.646857485541608 2745.0511192800063
0.6493549854857846 2743.948808059224
0.6518524854299611 2742.8833709584496
0.6543499853741376 2741.882959631958
0.656847485318314 2740.856185331402
0.6593449852624906 2739.706990876583
0.6618424852066671 2738.4565252739994
0.6643399851508437 2737.1259375301506
0.6668374850950202 2735.7363766515355
0.6693349850391968 2734.308991644652
0.6718324849833732 2732.864931515999
0.6743299849275498 2731.4253452720764
0.6768274848717263 2730.011381919381
0.6793249848159029 2728.6441904644134
0.6818224847600793 2727.244693362047
0.6843199847042559 2725.7317139228803
0.6868174846484324 2724.123252436997
0.689314984592609 2722.4373091944817
0.6918124845367855 2720.6918844854176
0.694309984480962 2718.904978599888
0.6968074844251385 2717.0945918279785
0.6993049843693151 2715.278724459771
0.7018024843134916 2713.475376785351
0.7042999842576682 2711.702549094802
0.7067974842018446 2709.8864867384564
0.7092949841460212 2707.9536722541943
0.7117924840901977 2705.9224617134164
0.7142899840343743 2703.8112111875284
0.7167874839785507 2701.6382767479327
0.7192849839227273 2699.4220144660317
0.7217824838669038 2697.1807804132295
0.7242799838110804 2694.9329306609284
0.7267774837552569 2692.6968212805323
0.7292749836994333 2690.490808343444
0.7317724836436098 2688.252304411395
0.7342699835877864 2685.916318466079
0.7367674835319629 2683.4976012088414
0.7392649834761394 2681.010903341028
0.7417624834203159 2678.4709755639856
0.7442599833644925 2675.892568579058
0.746757483308669 2673.290433087593
0.7492549832528456 2670.6793197909356
0.751752483197022 2668.0739793904304
0.7542499831411986 2665.489162587425
0.7567474830853751 2662.8764712545135
0.7592449830295517 2660.1854277199704
0.7617424829737282 2657.427663368663
0.7642399829179047 2654.614809585457
0.7667374828620812 2651.758497755219
0.7692349828062578 2648.870359262816
0.7717324827504343 2645.962025493114
0.7742299826946109 2643.045127830979
0.7767274826387873 2640.131297661277
0.7792249825829638 2637.232166368876
0.7817224825271403 2634.305774471527
0.7842199824713169 2631.3088920625446
0.7867174824154933 2628.251244890131
0.7892149823596699 2625.142558702494
0.7917124823038464 2621.992559247837
0.794209982248023 2618.8109722743657
0.7967074821921994 2615.607523530285
0.799204982136376 2612.3919387638007
0.8017024820805525 2609.1739437231167
0.8041999820247291 2605.9632641564385
0.8066974819689056 2602.713983384193
0.8091949819130821 2599.3813278699404
0.8116924818572586 2595.976738076583
0.8141899818014352 2592.511654467024
0.8166874817456117 2588.9975175041677
0.8191849816897883 2585.445767650917
0.8216824816339647 2581.867845370176
0.8241799815781413 2578.275191124846
0.8266774815223178 2574.679245377833
0.8291749814664944 2571.091448592039
0.8316724814106708 2567.473928330651
0.8341699813548474 2563.787278427037
0.8366674812990239 2560.040638749371
0.8391649812432005 2556.243149165829
0.841662481187377 2552.4039495445863
0.8441599811315535 2548.532179753816
0.84665748107573 2544.6369796616946
0.8491549810199066 2540.7274891363963
0.8516524809640831 2536.812848046097
0.8541499809082596 2532.90219625897
0.856647480852436 2528.96625829324
0.8591449807966126 2524.97449376968
0.8616424807407891 2520.934145210288
0.8641399806849657 2516.8524551370638
0.8666374806291421 2512.736666072005
0.8691349805733187 2508.594020537111
0.8716324805174952 2504.431761054381
0.8741299804616718 2500.257130145813
0.8766274804058483 2496.0773703334057
0.8791249803500248 2491.899724139159
0.8816224802942013 2487.6994088658907
0.8841199802383779 2483.4507562008753
0.8866174801825544 2479.15968024279
0.889114980126731 2474.8320950903126
0.8916124800709074 2470.4739148421227
0.894109980015084 2466.091053596898
0.8966074799592605 2461.689425453317
0.8991049799034371 2457.274944510058
0.9016024798476135 2452.8535248657995
0.90409997979179 2448.43108061922
0.9065974797359665 2443.976919938251
0.9090949796801431 2439.4613730539877
0.9115924796243196 2434.891887159853
0.9140899795684961 2430.2759094492703
0.9165874795126726 2425.6208871156637
0.9190849794568492 2420.9342673524548
0.9215824794010257 2416.223497353069
0.9240799793452023 2411.4960243109276
0.9265774792893787 2406.759295419455
0.9290749792335553 2402.0207578720747
0.9315724791777318 2397.255686267163
0.9340699791219084 2392.4384561465463
0.9365674790660848 2387.575166118819
0.9390649790102614 2382.6719147925764
0.9415624789544379 2377.734800776415
0.9440599788986145 2372.769922678929
0.946557478842791 2367.7833791087137
0.9490549787869675 2362.7812686743646
0.951552478731144 2357.7696899844777
0.9540499786753206 2352.7547416476473
0.9565474786194971 2347.716971911054
0.9590449785636737 2342.63618953194
0.9615424785078501 2337.5173838839946
0.9640399784520267 2332.3655443409048
0.9665374783962032 2327.1856602763605
0.9690349783403798 2321.982721064049
0.9715324782845562 2316.761716077659
0.9740299782287328 2311.52763469088
0.9765274781729093 2306.2854662774
0.9790249781170858 2301.0402002109063
0.9815224780612622 2295.772749665803
0.9840199780054388 2290.4637075732835
0.9865174779496153 2285.117582942223
0.9890149778937919 2279.7388847814987
0.9915124778379684 2274.3321220999846
0.994009977782145 2268.901803906557
0.9965074777263214 2263.4524392100916
0.999004977670498 2257.988537019464
1.0015024776146746 2252.5146063435495
1.003999977558851 2247.035156191225
1.0064974775030275 2241.527506062906
1.008994977447204 2235.969623536863
1.0114924773913807 2230.3669897387463
1.0139899773355572 2224.725085794211
1.0164874772797337 2219.049392828908
1.0189849772239101 2213.3453919684894
1.0214824771680868 2207.6185643386093
1.0239799771122633 2201.87439106492
1.0264774770564398 2196.118353273073
1.0289749770006162 2190.355932088722
1.0314724769447927 2184.5702642357724
1.0339699768889692 2178.743686054306
1.0364674768331459 2172.880478094243
1.0389649767773224 2166.984920905501
1.0414624767214988 2161.0612950379987
1.0439599766656753 2155.1138810416546
1.046457476609852 2149.1469594663868
1.0489549765540285 2143.164810862115
1.051452476498205 2137.171715778756
1.0539499764423814 2131.171954766229
1.056447476386558 2125.1527467411147
1.0589449763307344 2119.100749557974
1.061442476274911 2113.019402173698
1.0639399762190875 2106.9121435451793
1.066437476163264 2100.7824126293094
1.0689349761074405 2094.6336483829787
1.0714324760516172 2088.4692897630794
1.0739299759957937 2082.2927757265043
1.0764274759399701 2076.1075452301434
1.0789249758841468 2069.9170372308877
1.0814224758283233 2063.703925455178
1.0839199757724998 2057.4511995908015
1.0864174757166765 2051.162772536676
1.088914975660853 2044.8425571917212
1.0914124756050294 2038.494466454854
1.0939099755492059 2032.122413224993
1.0964074754933826 2025.7303104010548
1.098904975437559 2019.3220708819586
1.1014024753817355 2012.9016075666223
1.103899975325912 2006.4728333539636
1.1063974752700885 2000.0201646793184
1.108894975214265 1993.527991543347
1.1113924751584416 1987.0001871929514
1.1138899751026181 1980.440624875035
1.1163874750467946 1973.8531778365004
1.118884974990971 1967.2417193242502
1.1213824749351478 1960.6101225851864
1.1238799748793242 1953.962260866213
1.1263774748235007 1947.3020074142325
1.1288749747676772 1940.6332354761475
1.1313724747118536 1933.945296086839
1.1338699746560301 1927.2269274601301
1.1363674746002068 1920.4810836113325
1.1388649745443833 1913.7107185557602
1.1413624744885598 1906.918786308725
1.1438599744327362 1900.1082408855405
1.146357474376913 1893.2820363015185
1.1488549743210894 1886.4431265719734
1.1513524742652659 1879.5944657122168
1.1538499742094426 1872.7390077375615
1.156347474153619 1865.864037611188
1.1588449740977955 1858.95684056425
1.1613424740419722 1852.0203710140236
1.1638399739861487 1845.057583377787
1.1663374739303252 1838.0714320728162
1.1688349738745016 1831.0648715163877
1.1713324738186783 1824.040856125778
1.1738299737628548 1817.002340318265
1.1763274737070313 1809.952278511124
1.1788249736512078 1802.8936251216323
1.1813224735953842 1795.8121191475125
1.1838199735395607 1788.693781337785
1.1863174734837374 1781.5419887366709
1.1888149734279139 1774.3601183883939
1.1913124733720903 1767.1515473371744
1.1938099733162668 1759.9196526272358
1.1963074732604435 1752.6678113027986
1.19880497320462 1745.3994004080864
1.2013024731487965 1738.1177969873206
1.203799973092973 1730.8263780847235
1.2062974730371494 1723.5161023832763
1.2087949729813259 1716.1773942893537
1.2112924729255026 1708.8128294322648
1.213789972869679 1701.4249834413208
1.2162874728138555 1694.0164319458308
1.218784972758032 1686.5897505751057
1.2212824727022087 1679.1475149584542
1.2237799726463852 1671.692300725188
1.2262774725905616 1664.2266835046162
1.2287749725347383 1656.7532389260484
1.2312724724789148 1649.259960227418
1.2337699724230913 1641.7349447706042
1.236267472367268 1634.180924370841
1.2387649723114444 1626.6006308433632
1.241262472255621 1618.9967960034044
1.2437599721997974 1611.3721516661988
1.246257472143974 1603.729429646979
1.2487549720881506 1596.0713617609815
1.251252472032327 1588.4006798234384
1.2537499719765035 1580.7201156495844
1.25624747192068 1573.0176616305241
1.2587449718648565 1565.2814302513918
1.2612424718090331 1557.5143334684653
1.2637399717532096 1549.7192832380235
1.266237471697386 1541.8991915163429
1.2687349716415626 1534.0569702597013
1.2712324715857393 1526.1955314243762
1.2737299715299157 1518.3177869666467
1.2762274714740922 1510.4266488427897
1.2787249714182687 1502.5250290090828
1.2812224713624452 1494.6048522103713
1.2837199713066216 1486.6576207743635
1.2862174712507983 1478.6856130316312
1.2887149711949748 1470.691107312748
1.2912124711391513 1462.6763819482856
1.2937099710833277 1454.6437152688163
1.2962074710275044 1446.595385604912
1.298704970971681 1438.5336712871463
1.3012024709158574 1430.4608506460906
1.3036999708600339 1422.3792020123178
1.3061974708042103 1414.2753898915014
1.3086949707483868 1406.136472203006
1.3111924706925635 1397.965317397936
1.31368997063674 1389.764793927399
1.3161874705809165 1381.5377702425
1.318684970525093 1373.2871147943451
1.3211824704692696 1365.0156960340398
1.323679970413446 1356.7263824126908
1.3261774703576226 1348.422042381404
1.3286749703017993 1340.105544391284
1.3311724702459757 1331.7697839093219
1.3336699701901522 1323.4072168453447
1.336167470134329 1315.0200523147162
1.3386649700785054 1306.6104994328032
1.3411624700226819 1298.1807673149692
1.3436599699668583 1289.7330650765796
1.346157469911035 1281.2696018329982
1.3486549698552115 1272.792586699591
1.351152469799388 1264.3042287917224
1.3536499697435644 1255.8067372247572
1.356147469687741 1247.2882728224074
1.3586449696319174 1238.7372092912065
1.361142469576094 1230.1560750707451
1.3636399695202706 1221.5473986006189
1.366137469464447 1212.9137083204198
1.3686349694086235 1204.2575326697413
1.3711324693528002 1195.5814000881755
1.3736299692969767 1186.8878390153175
1.3761274692411531 1178.1793778907595
1.3786249691853296 1169.458545154094
1.381122469129506 1160.7187081711147
1.3836199690736826 1151.9529240291517
1.3861174690178593 1143.1632557501014
1.3886149689620357 1134.3517663558625
1.3911124689062122 1125.5205188683317
1.3936099688503887 1116.6715763094066
1.3961074687945654 1107.807001700984
1.3986049687387418 1098.9288580649632
1.4011024686829183 1090.0392084232403
1.403599968627095 1081.1401157977125
1.4060974685712715 1072.222222751244
1.408594968515448 1063.2762189466605
1.4110924684596247 1054.3042380558047
1.4135899684038011 1045.3084137505214
1.4160874683479776 1036.2908797026525
1.418584968292154 1027.253769584042
1.4210824682363308 1018.1992170665318
1.4235799681805072 1009.129355821967
1.4260774681246837 1000.0463195221896
1.4285749680688602 990.9522418390433
1.4310724680130367 981.8427339520791
1.4335699679572131 972.7129689178797
1.4360674679013898 963.5644232238336
1.4385649678455663 954.3985733573313
1.4410624677897428 945.2168958057619
1.4435599677339193 936.0208670565142
1.446057467678096 926.8119635969773
1.4485549676222724 917.5916619145419
1.451052467566449 908.3614384965965
1.4535499675106254 899.1227698305304
1.4560474674548018 889.8723901539051
1.4585449673989783 880.6068591204148
1.461042467343155 871.3273913416449
1.4635399672873315 862.035201429184
1.466037467231508 852.7315039946185
1.4685349671756844 843.4175136495345
1.4710324671198611 834.094445005519
1.4735299670640376 824.76351267416
1.476027467008214 815.4259312670433
1.4785249669523908 806.0829153957553
1.4810224668965672 796.7385113024491
1.4835199668407437 787.3958629119529
1.4860174667849204 778.0548313598715
1.4885149667290969 768.7152777818119
1.4910124666732734 759.3770633133787
1.4935099666174498 750.0400490901768
1.4960074665616265 740.7040962478112
1.498504966505803 731.3690659218885
1.5010024664499795 722.034819248013
1.503499966394156 712.7012173617903
1.5059974663383324 703.3830938690327
1.508494966282509 694.0939979565355
1.5109924662266856 684.8318641313772
1.513489966170862 675.5946269006384
1.5159874661150385 666.3802207713978
1.518484966059215 657.1865802507346
1.5209824660033917 648.011639845727
1.5234799659475682 638.853334063456
1.5259774658917447 629.709597411
1.5284749658359211 620.5783643954381
1.5309724657800976 611.4883945872155
1.533469965724274 602.4666873630894
1.5359674656684508 593.5085369396058
1.5384649656126272 584.6092375333134
1.5409624655568037 575.7640833607581
1.5434599655009802 566.9683686384869
1.5459574654451569 558.2173875830463
1.5484549653893334 549.5064344109844
1.5509524653335098 540.8308033388475
1.5534499652776863 532.1857885831827
1.5559474652218628 523.6155593135077
1.5584449651660393 515.162153070143
1.560942465110216 506.8176666258372
1.5634399650543924 498.57419675334125
1.565937464998569 490.42384022540404
1.5684349649427454 482.3586938147752
1.570932464886922 474.37085429420364
1.5734299648310985 466.4524184364402
1.575927464775275 458.59548301423393
1.5784249647194517 450.7921448003336
1.5809224646636282 443.0941543655189
1.5834199646078047 435.551625634185
1.5859174645519813 428.15420040951045
1.5884149644961578 420.8915204946748
1.5909124644403343 413.753227692856
1.5934099643845108 406.72896380723256
1.5959074643286875 399.8083706409823
1.598404964272864 392.9810899972848
1.6009024642170404 386.2367636793181
1.6033999641612169 379.5650334902606
1.6058974641053934 373.01216037978855
1.6083949640495698 366.6240997867819
1.6108924639937465 360.3900352482231
1.613389963937923 354.29915030109646
1.6158874638820995 348.3406284823846
1.618384963826276 342.5036533290707
1.6208824637704526 336.77740837813747
1.6233799637146291 331.15107716656905
1.6258774636588056 325.61384323134814
1.628374963602982 320.15489010945794
1.6308724635471585 314.80790947448304
1.633369963491335 309.60748948290933
1.6358674634355117 304.54415839607054
1.6383649633796882 299.6084444753018
1.6408624633238647 294.79087598193706
1.6433599632680411 290.0819811773106
1.6458574632122178 285.4722883227564
1.6483549631563943 280.95232567960954
1.6508524631005708 276.512621509204
1.6533499630447475 272.14370407287356
1.655847462988924 267.8684397873864
1.6583449629331004 263.71101014284653
1.660842462877277 259.6639160105956
1.6633399628214536 255.7196582619759
1.66583746276563 251.8707377683287
1.6683349627098065 248.10965540099562
1.6708324626539832 244.42891203131796
1.6733299625981597 240.82100853063798
1.6758274625423362 237.2784457702969
1.6783249624865126 233.79372462163644
1.6808224624306891 230.38229351976344
1.6833199623748656 227.0608288274875
1.6858174623190423 223.8236733077037
1.6883149622632188 220.66516972330788
1.6908124622073952 217.57966083719512
1.6933099621515717 214.56148941226078
1.6958074620957484 211.60499821140002
1.6983049620399249 208.70452999750864
1.7008024619841013 205.85442753348173
1.7032999619282778 203.04903358221466
1.7057974618724543 200.29930905311215
1.7082949618166308 197.61719115376636
1.7107924617608075 194.99848709435295
1.713289961704984 192.43900408504854
1.7157874616491604 189.9345493360289
1.7182849615933369 187.48093005747006
1.7207824615375136 185.0739534595479
1.72327996148169 182.7094267524389
1.7257774614258665 180.38315714631887
1.728274961370043 178.09095185136388
1.7307724613142195 175.84094310452656
1.733269961258396 173.6419983262414
1.7357674612025726 171.49102750190693
1.738264961146749 169.38494061692222
1.7407624610909256 167.32064765668582
1.743259961035102 165.29505860659643
1.7457574609792788 163.30508345205257
1.7482549609234552 161.34763217845335
1.7507524608676317 159.4196147711973
1.7532499608118084 157.51794121568295
1.7557474607559849 155.64829683889974
1.7582449607001613 153.8169126064069
1.760742460644338 152.02151696145924
1.7632399605885145 150.2598383473118
1.765737460532691 148.52960520721933
1.7682349604768675 146.82854598443652
1.7707324604210442 145.15438912221808
1.7732299603652206 143.50486306381907
1.775727460309397 141.87769625249422
1.7782249602535736 140.2706171314982
1.78072246019775 138.68834972014392
1.7832199601419265 137.13594377039684
1.7857174600861032 135.61161632449043
1.7882149600302797 134.11358442465863
1.7907124599744562 132.64006511313505
1.7932099599186326 131.1892754321533
1.7957074598628093 129.75943242394695
1.7982049598069858 128.34875313074994
1.8007024597511623 126.95545459479585
1.8031999596953387 125.57775385831833
1.8056974596395152 124.21956352164668
1.8081949595836917 122.88506967567044
1.8106924595278684 121.57289959846338
1.8131899594720449 120.28168056809952
1.8156874594162213 119.01003986265263
1.8181849593603978 117.75660476019655
1.8206824593045745 116.5200025388051
1.823179959248751 115.29886047655228
1.8256774591929275 114.0918058515119
1.8281749591371041 112.89746594175764
1.8306724590812806 111.7184254336789
1.833169959025457 110.55750165926959
1.8356674589696338 109.41367086501135
1.8381649589138103 108.28590929738593
1.8406624588579867 107.17319320287484
1.8431599588021632 106.07449882795967
1.84565745874634 104.98880241912195
1.8481549586905164 103.91508022284343
1.8506524586346929 102.85230848560565
1.8531499585788693 101.79946345389021
1.8556474585230458 100.75904473080024
1.8581449584672223 99.73365771530835
1.860642458411399 98.72243734770005
1.8631399583555754 97.72451856826119
1.865637458299752 96.73903631727725
1.8681349582439284 95.76512553503393
1.870632458188105 94.80192116181675
1.8731299581322816 93.84855813791151
1.875627458076458 92.90417140360378
1.8781249580206345 91.96789589917921
1.880622457964811 91.04165448951935
1.8831199579089875 90.12750564264994
1.8856174578531641 89.22478770357291
1.8881149577973406 88.33283901729027
1.890612457741517 87.45099792880387
1.8931099576856936 86.5786027831156
1.8956074576298703 85.71499192522732
1.8981049575740467 84.8595037001411
1.9006024575182232 84.01147645285879
1.9030999574624 83.17024852838219
1.9055974574065764 82.33713850687553
1.9080949573507529 81.51355707911694
1.9105924572949295 80.69898075602971
1.913089957239106 79.89288604853732
1.9155874571832825 79.09474946756303
1.918084957127459 78.3040475240302
1.9205824570716357 77.52025672886207
1.9230799570158121 76.74285359298212
1.9255774569599886 75.97131462731363
1.928074956904165 75.20511634277989
1.9305724568483416 74.4456823981811
1.933069956792518 73.69448443448819
1.9355674567366947 72.95107093588065
1.9380649566808712 72.21499038653805
1.9405624566250477 71.48579127063985
1.9430599565692241 70.76302207236556
1.9455574565134008 70.04623127589466
1.9480549564575773 69.33496736540674
1.9505524564017538 68.62877882508126
1.9530499563459303 67.9272141390977
1.9555474562901067 67.23113762055638
1.9580449562342832 66.54149146752681
1.96054245617846 65.85794099164214
1.9630399561226364 65.18015150453573
1.9655374560668128 64.50778831784076
1.9680349560109893 63.84051674319049
1.970532455955166 63.178002092218115
1.9730299558993425 62.51990967655698
1.975527455843519 61.865904807840266
1.9780249557876954 61.21565279770124
1.980522455731872 60.569885619808886
1.9830199556760484 59.92937143804004
1.985517455620225 59.293829849339616
1.9880149555644016 58.66298045065269
1.990512455508578 58.03654283892414
1.9930099554527545 57.41423661109897
1.9955074553969312 56.79578136412207
1.9980049553411077 56.18089669493852
2.000502455285284 55.569302200493226
2.002999955229461 54.96071747773109
2.0054974551736375 54.355705618963825
2.007994955117814 53.75487148063291
2.0104924550619905 53.15799730587792
2.0129899550061667 52.56486533783879
2.0154874549503434 51.975257819655035
2.01798495489452 51.38895699446652
2.0204824548386964 50.805745105413045
2.022979954782873 50.22540439563415
2.0254774547270498 49.64771710826969
2.027974954671226 49.07246548645948
2.0304724546154027 48.49991125604312
2.032969954559579 47.93036091731076
2.0354674545037557 47.363663875077
2.037964954447932 46.79966953415689
2.0404624543921086 46.23822729936507
2.0429599543362853 45.6791865755165
2.0454574542804616 45.1223967674261
2.0479549542246382 44.56770727990853
2.050452454168815 44.01496751777874
2.052949954112991 43.46402688585165
2.055447454057168 42.91496150161929
2.057944954001344 42.367881811566754
2.060442453945521 41.82268871399769
2.062939953889697 41.27928310721608
2.065437453833874 40.737565889525584
2.0679349537780505 40.197437959230115
2.0704324537222267 39.658800214633594
2.0729299536664034 39.121553554039664
2.07542745361058 38.58559887575224
2.0779249535547564 38.05083707807525
2.080422453498933 37.51692348957382
2.0829199534431093 36.983559898146716
2.085417453387286 36.45071689109733
2.0879149533314623 35.91836505572946
2.090412453275639 35.38647497934654
2.0929099532198157 34.85501724925228
2.095407453163992 34.32396245275037
2.0979049531081686 33.79328117714424
2.1004024530523453 33.2629440097376
2.1028999529965215 32.732921537834144
2.1053974529406982 32.20300376795242
2.1078949528848745 31.673006423317947
2.110392452829051 31.142938666294
2.1128899527732274 30.612809659244224
2.115387452717404 30.082628564531902
2.117884952661581 29.5524045445206
2.120382452605757 29.02214676157387
2.122879952549934 28.491864378055
2.1253774524941105 27.961566556327547
2.127874952438287 27.43126245875498
2.130372452382464 26.900161703806717
2.13286995232664 26.367510495596207
2.135367452270817 25.83337287495309
2.137864952214993 25.29781288270729
2.1403624521591698 24.760894559688367
2.1428599521033465 24.22268194672616
2.1453574520475227 23.683239084650502
2.1478549519916994 23.142630014290948
2.150352451935876 22.600918776477336
2.1528499518800523 22.05816941203951
2.155347451824229 21.527837706764856
2.1578449517684053 21.022537316104827
2.160342451712582 20.54106908538442
2.1628399516567582 20.082233859929016
2.165337451600935 19.64483248506364
2.1678349515451116 19.227665806113578
2.170332451489288 18.82953466840409
2.1728299514334646 18.449239917260243
2.1753274513776413 18.085582398007304
2.1778249513218175 17.737362955970532
2.180322451265994 17.403276956069313
2.1828199512101705 17.082396623142646
2.185317451154347 16.774088092394607
2.1878149510985234 16.477717499029513
2.1903124510427 16.19265097825146
2.192809950986877 15.918254665264703
2.195307450931053 15.653894695273488
2.1978049508752298 15.398937203481925
2.2003024508194065 15.152748325094267
2.2027999507635827 14.914694195314755
2.2052974507077594 14.684394206284972
2.2077949506519357 14.461654200271195
2.2102924505961123 14.246119987664304
2.2127899505402886 14.037437378855342
2.2152874504844653 13.835252184235204
2.217784950428642 13.639210214194888
2.2202824503728182 13.448957279125397
2.222779950316995 13.264139189417628
2.2252774502611716 13.084401755462585
2.227774950205348 12.90939078765126
2.2302724501495246 12.739229235127482
2.232769950093701 12.574118828975225
2.2352674500378775 12.413823552495419
2.2377649499820538 12.258107388989098
2.2402624499262305 12.106734321757193
2.242759949870407 11.959468334100722
2.2452574498145834 11.81607340932069
2.24775494975876 11.676313530718035
2.250252449702937 11.53995268159377
2.252749949647113 11.4067548452489
2.2552474495912898 11.276808051785313
2.257744949535466 11.15025229796426
2.2602424494796427 11.026929517075558
2.262739949423819 10.90668164240912
2.2652374493679956 10.789350607254775
2.2677349493121723 10.67477834490241
2.2702324492563486 10.562806788641915
2.2727299492005253 10.453277871763113
2.275227449144702 10.346033527555903
2.2777249490888787 10.240915689310148
2.2802224490330554 10.13807903126548
2.2827199489772316 10.037710046673197
2.2852174489214083 9.939698397340702
2.2877149488655846 9.843933745075445
2.2902124488097613 9.75030575168481
2.292709948753938 9.658704078976234
2.295207448698114 9.569018388757147
2.297704948642291 9.481138342834937
2.3002024485864676 9.39495360301704
2.302699948530644 9.310353831110886
2.3051974484748206 9.227403530101702
2.307694948418997 9.14618757190831
2.3101924483631735 9.066626171738392
2.3126899483073498 8.988639544799689
2.3151874482515264 8.912147906299888
2.317684948195703 8.83707147144672
2.3201824481398794 8.763330455447905
2.322679948084056 8.690845073511136
2.325177448028233 8.619535540844137
2.327674947972409 8.549322072654636
2.3301724479165857 8.48035395647856
2.332669947860762 8.412792733173985
2.3351674478049387 8.346576997931752
2.337664947749115 8.281645345942744
2.3401624476932916 8.2179363723978
2.3426599476374683 8.155388672487792
2.3451574475816446 8.093940841403596
2.3476549475258213 8.03353147433605
2.350152447469998 7.974099166476026
2.352649947414174 7.9155825130143995
2.355147447358351 7.858041312139536
2.357644947302527 7.801545019695483
2.360142447246704 7.746046717356542
2.36263994719088 7.6914994867970465
2.365137447135057 7.637856409691297
2.3676349470792335 7.585070567713621
2.3701324470234097 7.533095042538346
2.3726299469675864 7.481882915839771
2.375127446911763 7.431387269292223
2.3776249468559394 7.38156118457003
2.380122446800116 7.332449362734156
2.3826199467442923 7.284105985936096
2.385117446688469 7.2364983574858925
2.3876149466326453 7.189593780693623
2.390112446576822 7.143359558869331
2.3926099465209987 7.097762995323085
2.395107446465175 7.052771393364951
2.3976049464093516 7.008352056304976
2.4001024463535283 6.964472287453226
2.4025999462977046 6.921099390119771
2.4050974462418813 6.87838023060549
2.4075949461860575 6.836460314373168
2.410092446130234 6.795304903475649
2.4125899460744105 6.754879259965813
2.415087446018587 6.71514864589651
2.417584945962764 6.676078323320607
2.42008244590694 6.637633554290976
2.422579945851117 6.599779600860467
2.4250774457952935 6.562481725081948
2.4275749457394697 6.525705189008291
2.4300724456836464 6.4893882552078646
2.4325699456278227 6.453480751570655
2.4350674455719994 6.417965288131899
2.4375649455161756 6.382824474926851
2.4400624454603523 6.348040921990746
2.442559945404529 6.313597239358837
2.4450574453487053 6.279476037066377
2.447554945292882 6.2456599251485985
2.4500524452370587 6.212131513640754
2.4525499451812354 6.17887341257809
2.455047445125412 6.146007300307954
2.4575449450695883 6.113652123682765
2.460042445013765 6.08178639549538
2.4625399449579413 6.050388628538679
2.465037444902118 6.019437335605519
2.4675349448462947 5.988911029488771
2.470032444790471 5.9587882229813065
2.4725299447346476 5.9290474288759825
2.4750274446788243 5.899667159965672
2.4775249446230005 5.870625929043244
2.4800224445671772 5.841960538787214
2.4825199445113535 5.813710590140462
2.48501744445553 5.7858587932923715
2.4875149443997064 5.758387858432336
2.490012444343883 5.731280495749736
2.49250994428806 5.704519415433967
2.495007444232236 5.678087327674419
2.4975049441764128 5.651966942660474
2.5000024441205895 5.626140970581523
2.5024999440647657 5.600592121626962
2.5049974440089424 5.575305954532848
2.5074949439531187 5.5502725440154
2.5099924438972954 5.525481374234215
2.5124899438414716 5.500921929348894
2.5149874437856483 5.476583693519035
2.517484943729825 5.452456150904239
2.5199824436740013 5.428528785664111
2.522479943618178 5.404791081958244
2.5249774435623547 5.381232523946243
2.527474943506531 5.3578425957877105
2.5299724434507076 5.33467328015638
2.532469943394884 5.311776254183478
2.5349674433390605 5.289140543714818
2.537464943283237 5.266755174596221
2.5399624432274135 5.2446091726735
2.54245994317159 5.222691563792475
2.5449574431157664 5.200991373798968
2.547454943059943 5.179497628538789
2.54995244300412 5.15819935385776
2.552449942948296 5.137085575601701
2.5549474428924728 5.116204851143299
2.557444942836649 5.0956054573851715
2.5599424427808257 5.075275999468001
2.562439942725002 5.0552050825324795
2.5649374426691787 5.035381311719294
2.5674349426133554 5.015793292169135
2.5699324425575316 4.996429629022694
2.5724299425017083 4.977278927420654
2.574927442445885 4.958329792503711
2.5774249423900613 4.939570829412553
2.579922442334238 4.920996208537885
2.582419942278414 4.90260283387477
2.584917442222591 4.884383410970396
2.587414942166767 4.866330645371974
2.589912442110944 4.848437242626695
2.5924099420551205 4.830695908281762
2.594907441999297 4.8130993478843775
2.5974049419434735 4.795640266981738
2.59990244188765 4.778311371121044
2.6023999418318264 4.761105365849498
2.604897441776003 4.74404896750566
2.6073949417201794 4.727169221221877
2.609892441664356 4.710459325735999
2.6123899416085323 4.693912479785889
2.614887441552709 4.6775218821094
2.6173849414968857 4.661280731444394
2.619882441441062 4.645182226528727
2.6223799413852387 4.6292195661002555
2.6248774413294154 4.613385948896837
2.627374941273592 4.59767457365633
2.6298724412177688 4.581904086390168
2.632369941161945 4.56590352928769
2.6348674411061217 4.549681695353633
2.637364941050298 4.533247377592733
2.6398624409944746 4.516609369009718
2.6423599409386513 4.499776462609327
2.6448574408828276 4.482757451396293
2.6473549408270043 4.465561128375349
2.649852440771181 4.448196286551229
2.6523499407153572 4.4306717189286715
2.654847440659534 4.413124446189091
2.65734494060371 4.395683226015867
2.659842440547887 4.37834445691666
2.662339940492063 4.3611045373991395
2.66483744043624 4.343959865970963
2.6673349403804165 4.326906841139796
2.6698324403245928 4.309941861413305
2.6723299402687695 4.293061325299149
2.674827440212946 4.276261631304994
2.6773249401571224 4.259539177938508
2.679822440101299 4.242985775907795
2.6823199400454754 4.226688483911016
2.684817439989652 4.210636572440882
2.6873149399338283 4.1948193119901145
2.689812439878005 4.1792259730514285
2.6923099398221817 4.163845826117543
2.694807439766358 4.148668141681177
2.6973049397105346 4.133682190235046
2.6998024396547113 4.1188772422718705
2.7022999395988876 4.10424256828437
2.7047974395430643 4.090235787957216
2.7072949394872405 4.077295850130791
2.7097924394314172 4.065384019031366
2.7122899393755935 4.05446155888522
2.71478743931977 4.044489733918619
2.717284939263947 4.035429808357843
2.719782439208123 4.027243046429164
2.7222799391523 4.019890712358855
2.7247774390964765 4.01333407037319
2.7272749390406528 4.007534384698444
2.7297724389848295 4.002016213241791
2.7322699389290057 3.996331790575741
2.7347674388731824 3.9904838959245743
2.7372649388173587 3.984475308512571
2.7397624387615354 3.9783088075640083
2.742259938705712 3.971987172303167
2.7447574386498883 3.965513181954327
2.747254938594065 3.9588896157417643
2.7497524385382417 3.9521192528897617
2.752249938482418 3.945204872622598
2.7547474384265946 3.937957310170602
2.757244938370771 3.9301998788258983
2.7597424383149476 3.921954074905456
2.762239938259124 3.9132413947262474
2.7647374382033005 3.904083334605239
2.7672349381474772 3.8945013908594035
2.7697324380916535 3.8845170598057113
2.77222993803583 3.8741518377611293
2.774727437980007 3.86342722104263
2.777224937924183 3.8523647059671853
2.77972243786836 3.8412962456909456
2.782219937812536 3.8305312856115687
2.7847174377567128 3.8200575604082645
2.787214937700889 3.8098628047602507
2.7897124376450657 3.7999347533467405
2.7922099375892424 3.79026114084695
2.7947074375334187 3.780829701940094
2.7972049374775954 3.7716281713053847
2.799702437421772 3.76264428362204
2.8021999373659487 3.7538657735692733
2.8046974373101254 3.745172574875414
2.8071949372543017 3.73645372252429
2.8096924371984784 3.7277106030783695
2.8121899371426546 3.718944603100124
2.8146874370868313 3.71015710915202
2.817184937031008 3.7013495077965266
2.8196824369751843 3.692523185596114
2.822179936919361 3.6836795291132485
2.8246774368635377 3.6748199249104
2.827174936807714 3.6659457595500395
2.8296724367518906 3.6571172184452014
2.832169936696067 3.6483909722754646
2.8346674366402436 3.6397631355030944
2.83716493658442 3.6312298225903654
2.8396624365285965 3.6227871479995444
2.842159936472773 3.614431226192903
2.8446574364169495 3.6061581716327122
2.847154936361126 3.5979640987812407
2.849652436305303 3.58984512210076
2.852149936249479 3.581797356053541
2.854647436193656 3.5738043486399573
2.857144936137832 3.56585133532156
2.8596424360820087 3.557936961752381
2.862139936026185 3.5500598735864535
2.8646374359703617 3.5422187164778074
2.8671349359145384 3.5344121360804777
2.8696324358587146 3.526638778048497
2.8721299358028913 3.5188972880358955
2.874627435747068 3.511186311696707
2.8771249356912443 3.5035044946849645
2.879622435635421 3.4958669147929635
2.8821199355795972 3.4882881402805186
2.884617435523774 3.4807660525029345
2.88711493546795 3.47329853281552
2.889612435412127 3.465883462573577
2.8921099353563036 3.4585187231324146
2.89460743530048 3.4512021958473396
2.8971049352446565 3.4439317620736563
2.899602435188833 3.436705303166672
2.9020999351330095 3.4295207004816937
2.904597435077186 3.4223789784054652
2.9070949350213624 3.415281545033159
2.909592434965539 3.4082268572827132
2.9120899349097153 3.4012133720720703
2.914587434853892 3.394239546319171
2.9170849347980687 3.387303836941956
2.919582434742245 3.380404700858368
2.9220799346864217 3.373540594986347
2.9245774346305984 3.366709976243834
2.9270749345747746 3.3599113015487707
2.9295724345189513 3.3531508858759125
2.9320699344631276 3.346435034605897
2.9345674344073043 3.3397621902654864
2.9370649343514805 3.3331307953814466
2.9395624342956572 3.326539292480538
2.942059934239834 3.3199861240895254
2.94455743418401 3.3134697327351734
2.947054934128187 3.3069885609442426
2.9495524340723636 3.3005410512434983
2.9520499340165403 3.2941256461597033
2.954547433960717 3.2877458439221874
2.957044933904893 3.2814052800677707
2.95954243384907 3.2751026030844588
2.962039933793246 3.2688364614602565
2.964537433737423 3.2626055036831674
2.9670349336815995 3.256408378241196
2.969532433625776 3.250243733622349
2.9720299335699525 3.2441102183146278
2.974527433514129 3.2380064808060385
2.9770249334583054 3.231931169584586
2.979522433402482 3.2258884562401846
2.9820199333466584 3.2198825732325664
2.984517433290835 3.213912260354458
2.9870149332350113 3.207976257398585
2.989512433179188 3.2020733041576728
2.9920099331233647 3.196202140424449
2.994507433067541 3.1903615059916413
2.9970049330117177 3.184550140651973
2.9995024329558944 3.178766784198172
3.0019999329000706 3.1730101764229666
3.0044974328442473 3.1672837395196467
3.0069949327884236 3.161590975502622
3.0094924327326003 3.1559307438962887
3.0119899326767765 3.1503019042250453
3.014487432620953 3.144703316013288
3.01698493256513 3.1391338387854137
3.019482432509306 3.1335923320658225
3.021979932453483 3.128077655378909
3.0244774323976595 3.1225886682490724
3.026974932341836 3.1171242302007105
3.0294724322860125 3.1116876632877597
3.0319699322301887 3.1062823501429024
3.0344674321743654 3.1009072411586467
3.0369649321185417 3.0955612867275066
3.0394624320627184 3.0902434372419902
3.041959932006895 3.0849526430946095
3.0444574319510713 3.079687854677876
3.046954931895248 3.074448022384299
3.0494524318394247 3.0692320966063904
3.051949931783601 3.064039027736662
3.0544474317277777 3.0588718043242484
3.056944931671954 3.0537334736843866
3.0594424316161306 3.0486230743587392
3.061939931560307 3.043539644888969
3.0644374315044836 3.0384822238167373
3.0669349314486603 3.0334498496837057
3.0694324313928365 3.0284415610315385
3.071929931337013 3.023456396401896
3.07442743128119 3.0184933943364416
3.076924931225366 3.0135515933768375
3.079422431169543 3.008633783993979
3.081919931113719 3.0037428075488166
3.084417431057896 2.998877778918089
3.086914931002072 2.994037812978539
3.0894124309462487 2.9892220246069066
3.0919099308904254 2.9844295286799327
3.0944074308346017 2.9796594400743603
3.0969049307787784 2.974910873666928
3.099402430722955 2.970182944334378
3.1018999306671313 2.965474766953452
3.104397430611308 2.9607889089321824
3.1068949305554843 2.9561279842876536
3.109392430499661 2.951491177810179
3.111889930443837 2.9468776742900724
3.114387430388014 2.9422866585176473
3.1168849303321906 2.9377173152832183
3.119382430276367 2.933168829377101
3.1218799302205436 2.928640385589606
3.1243774301647202 2.924131168711049
3.126874930108897 2.919640363531745
3.1293724300530736 2.9151703537034708
3.13186992999725 2.9107235646062355
3.1343674299414266 2.906299243622707
3.136864929885603 2.901896638135553
3.1393624298297795 2.897514995527436
3.1418599297739562 2.8931535631810252
3.1443574297181325 2.8888115884789864
3.146854929662309 2.8844883188039843
3.149352429606486 2.8801830015386867
3.151849929550662 2.8758948840657594
3.154347429494839 2.871626175155063
3.156844929439015 2.8673791214566586
3.1593424293831918 2.8631530271735093
3.161839929327368 2.858947196508581
3.1643374292715447 2.854760933664836
3.1668349292157214 2.8505935428452394
3.1693324291598977 2.846444328252756
3.1718299291040744 2.8423125940903486
3.174327429048251 2.838197644560983
3.1768249289924273 2.834098783867623
3.179322428936604 2.830018064891673
3.1818199288807802 2.8259575747892907
3.184317428824957 2.8219166691755646
3.186814928769133 2.8178947036655853
3.18931242871331 2.8138910338744423
3.1918099286574866 2.809905015417225
3.194307428601663 2.8059360039090238
3.1968049285458395 2.8019833549649276
3.1993024284900162 2.7980464242000274
3.2017999284341925 2.7941245672294124
3.204297428378369 2.790219693317208
3.2067949283225454 2.7863337428812485
3.209292428266722 2.7824661182671835
3.2117899282108984 2.778616221820663
3.214287428155075 2.774783455887338
3.2167849280992518 2.770967222812859
3.219282428043428 2.7671669249428765
3.2217799279876047 2.7633819646230404
3.2242774279317814 2.7596117441990016
3.2267749278759577 2.7558556660164104
3.2292724278201344 2.7521155087117832
3.2317699277643106 2.7483930792611067
3.2342674277084873 2.744687822519237
3.2367649276526635 2.7409991833410294
3.2392624275968402 2.73732660658134
3.241759927541017 2.7336695370950257
3.244257427485193 2.7300274197369414
3.24675492742937 2.7263996993619424
3.2492524273735466 2.722785820824886
3.251749927317723 2.7191852289806278
3.2542474272618995 2.7155995826478696
3.256744927206076 2.7120305664869426
3.2592424271502525 2.7084776641151436
3.2617399270944287 2.70494035914977
3.2642374270386054 2.701418135208118
3.266734926982782 2.697910475907486
3.2692324269269584 2.694416864865171
3.271729926871135 2.6909367856984696
3.2742274268153118 2.68746972202468
3.276724926759488 2.6840151574610993
3.2792224267036647 2.6805746410912077
3.281719926647841 2.677149745599023
3.2842174265920177 2.673739990002645
3.286714926536194 2.6703448933201748
3.2892124264803706 2.6669639745697133
3.2917099264245473 2.6635967527693607
3.2942074263687235 2.660242746937219
3.2967049263129002 2.6569014760913867
3.299202426257077 2.653572459249965
3.3016999262012536 2.6502552154310566
3.3041974261454303 2.6469511929151084
3.3066949260896066 2.643661861576051
3.3091924260337833 2.640386772822208
3.3116899259779595 2.637125478061905
3.314187425922136 2.6338775287034646
3.316684925866313 2.6306424761552116
3.319182425810489 2.6274198718254707
3.321679925754666 2.624209267122565
3.3241774256988426 2.6210102134548188
3.326674925643019 2.617822262230557
3.3291724255871955 2.6146467690560065
3.3316699255313718 2.611485109326285
3.3341674254755485 2.6083368641330513
3.3366649254197247 2.6052016145679673
3.3391624253639014 2.602078941722691
3.341659925308078 2.598968426688882
3.3441574252522543 2.595869650558201
3.346654925196431 2.592782194422307
3.3491524251406077 2.5897056393728604
3.351649925084784 2.5866395665015203
3.3541474250289607 2.5835852460638793
3.356644924973137 2.5805439664800454
3.3591424249173136 2.5775153360884477
3.36163992486149 2.5744989632275197
3.3641374248056666 2.5714944562356896
3.3666349247498433 2.56850142345139
3.3691324246940195 2.565519473213051
3.371629924638196 2.5625482138591043
3.374127424582373 2.55958725372798
3.376624924526549 2.55663620115811
3.379122424470726 2.553696247700971
3.381619924414902 2.550768601606962
3.384117424359079 2.5478528962628952
3.386614924303255 2.5449487650555818
3.3891124242474318 2.542055841371835
3.3916099241916084 2.539173758598466
3.3941074241357847 2.536302150122288
3.3966049240799614 2.5334406493301125
3.399102424024138 2.530588889608751
3.4015999239683143 2.527746504345017
3.404097423912491 2.524914612412892
3.4065949238566673 2.5220943480607336
3.409092423800844 2.5192853677369182
3.4115899237450202 2.516487327889822
3.414087423689197 2.513699884967819
3.4165849236333736 2.510922695419285
3.41908242357755 2.5081554156925967
3.4215799235217266 2.5053977022361287
3.4240774234659033 2.5026492114982566
3.4265749234100795 2.499909599927357
3.429072423354256 2.4971799191998065
3.4315699232984325 2.4944612351670457
3.434067423242609 2.4917532255400348
3.4365649231867854 2.4890555680297375
3.439062423130962 2.4863679403471153
3.441559923075139 2.4836900202031336
3.444057423019315 2.4810214853087547
3.4465549229634918 2.478362013374939
3.4490524229076684 2.4757112821126523
3.4515499228518447 2.4730689692328567
3.4540474227960214 2.4704360642018206
3.4565449227401976 2.4678135695731207
3.4590424226843743 2.465201182688682
3.4615399226285506 2.4625986008904284
3.4640374225727273 2.4600055215202854
3.466534922516904 2.457421641920177
3.4690324224610802 2.454846659432028
3.471529922405257 2.452280271397763
3.4740274223494336 2.4497221751593066
3.4765249222936103 2.447172068058583
3.479022422237787 2.4446308818992595
3.4815199221819633 2.4420995605840794
3.48401742212614 2.4395778196035796
3.486514922070316 2.437065374448299
3.489012422014493 2.434561940608775
3.4915099219586696 2.4320672335755464
3.494007421902846 2.4295809688391516
3.4965049218470226 2.427102861890128
3.4990024217911992 2.4246326282190136
3.5014999217353755 2.422169983316348
3.503997421679552 2.419715805475321
3.5064949216237284 2.4172709841889386
3.508992421567905 2.414835251747459
3.5114899215120814 2.412408340441143
3.513987421456258 2.4099899825602473
3.516484921400435 2.4075799103950337
3.518982421344611 2.40517785623576
3.5214799212887877 2.402783552372686
3.5239774212329644 2.4003967310960705
3.5264749211771407 2.3980171246961732
3.5289724211213174 2.3956455617523273
3.5314699210654936 2.3932828812241094
3.5339674210096703 2.3909288309721446
3.5364649209538466 2.388583158857058
3.5389624208980233 2.386245612739473
3.5414599208422 2.383915940480015
3.543957420786376 2.3815938899393094
3.546454920730553 2.379279208977979
3.5489524206747296 2.3769716454566487
3.551449920618906 2.3746709472359453
3.5539474205630825 2.3723778966573112
3.556444920507259 2.370093285694385
3.5589424204514355 2.367816876656073
3.5614399203956117 2.3655484318512863
3.5639374203397884 2.3632877135889334
3.566434920283965 2.3610344841779254
3.5689324202281414 2.3587885059271705
3.571429920172318 2.356549541145578
3.573927420116495 2.354317352142058
3.576424920060671 2.3520917012255205
3.5789224200048477 2.3498733276862738
3.581419919949024 2.3476629797630464
3.5839174198932007 2.345460433187373
3.586414919837377 2.3432654636907913
3.5889124197815536 2.341077847004835
3.5914099197257303 2.3388973588610424
3.5939074196699066 2.3367237749909493
3.5964049196140833 2.334556871126091
3.59890241955826 2.3323964229980043
3.601399919502436 2.330242206338225
3.603897419446613 2.3280949203114885
3.606394919390789 2.3259552724050483
3.608892419334966 2.323823050834215
3.611389919279142 2.3216980438143007
3.613887419223319 2.319580039560615
3.6163849191674955 2.3174688262884704
3.6188824191116717 2.315364192213177
3.6213799190558484 2.3132659255500463
3.623877419000025 2.3111738145143894
3.626374918944202 2.3090876473215176
3.6288724188883785 2.307008085699734
3.6313699188325548 2.3049357991261537
3.6338674187767315 2.3028705874393034
3.6363649187209077 2.3008122504777124
3.6388624186650844 2.298760588079909
3.641359918609261 2.296715400084421
3.6438574185534374 2.2946764863297773
3.646354918497614 2.292643646654506
3.6488524184417908 2.2906166808971355
3.651349918385967 2.288595388896194
3.6538474183301437 2.2865803974181587
3.65634491827432 2.284572340451771
3.6588424182184967 2.2825710286689547
3.661339918162673 2.280576272741634
3.6638374181068496 2.2785878833417326
3.6663349180510263 2.2766056711411755
3.6688324179952025 2.274629446811886
3.6713299179393792 2.272659021025788
3.673827417883556 2.270694204454806
3.676324917827732 2.2687348077708647
3.678822417771909 2.2667814250584626
3.681319917716085 2.264834657140482
3.683817417660262 2.262894324796418
3.686314917604438 2.260960248805767
3.6888124175486148 2.2590322499480235
3.6913099174927915 2.2571101490026853
3.6938074174369677 2.255193766749247
3.6963049173811444 2.253282923967205
3.698802417325321 2.251377441436054
3.7012999172694974 2.249477139935292
3.703797417213674 2.247582582970467
3.7062949171578503 2.2456943403402803
3.708792417102027 2.2438122422639495
3.7112899170462033 2.2419361189606946
3.71378741699038 2.240065800649733
3.7162849169345566 2.2382011175502856
3.718782416878733 2.2363418998815714
3.7212799168229096 2.234487977862808
3.7237774167670863 2.232639181713216
3.7262749167112625 2.2307953416520143
3.7287724166554392 2.2289569925479507
3.7312699165996155 2.227124675152761
3.733767416543792 2.2252982285101433
3.7362649164879684 2.2234774916637954
3.738762416432145 2.2216623036574155
3.741259916376322 2.2198525035347023
3.743757416320498 2.218047930339354
3.7462549162646748 2.2162484231150676
3.7487524162088515 2.2144538209055433
3.7512499161530277 2.2126639627544784
3.7537474160972044 2.2108793566891336
3.7562449160413807 2.2091005162414654
3.7587424159855574 2.2073272887122184
3.7612399159297336 2.2055595214021357
3.7637374158739103 2.20379706161196
3.766234915818087 2.2020397566424363
3.7687324157622633 2.200287453794307
3.77122991570644 2.198540000368315
3.7737274156506166 2.1967972436652046
3.776224915594793 2.195059030985719
3.7787224155389696 2.1933258451768687
3.781219915483146 2.1915981742410797
3.7837174154273225 2.1898758732122134
3.786214915371499 2.1881587971241347
3.7887124153156755 2.186446801010707
3.791209915259852 2.184739739905793
3.7937074152040284 2.1830374688432577
3.796204915148205 2.1813398428569633
3.798702415092382 2.1796467169807743
3.8011999150365585 2.1779579462485534
3.803697414980735 2.1762739898659857
3.8061949149249115 2.1745953118713035
3.808692414869088 2.1729217745471963
3.8111899148132644 2.1712532401763527
3.813687414757441 2.1695895710414614
3.816184914701618 2.1679306294252116
3.818682414645794 2.1662762776102915
3.8211799145899707 2.1646263778793897
3.8236774145341474 2.162980792515196
3.8261749144783237 2.161339383800397
3.8286724144225004 2.15970258872651
3.8311699143666766 2.1580708488188334
3.8336674143108533 2.1564440331607337
3.8361649142550296 2.1548220108355784
3.8386624141992063 2.153204650926732
3.841159914143383 2.151591822517563
3.8436574140875592 2.1499833946914357
3.846154914031736 2.1483792365317176
3.8486524139759126 2.1467792171217734
3.851149913920089 2.145183205544972
3.8536474138642656 2.1435916179033083
3.856144913808442 2.1420048745558202
3.8586424137526185 2.1404228509714316
3.8611399136967948 2.138845422619068
3.8636374136409715 2.1372724649676536
3.866134913585148 2.1357038534861137
3.8686324135293244 2.134139463643373
3.871129913473501 2.132579170908356
3.873627413417678 2.131022850749988
3.876124913361854 2.129470378637194
3.8786224133060307 2.1279221510129793
3.881119913250207 2.126378568320784
3.8836174131943837 2.124839512030185
3.88611491313856 2.1233048636107603
3.8886124130827366 2.1217745045320857
3.8911099130269133 2.120248316263739
3.8936074129710896 2.1187261802752966
3.8961049129152663 2.1172079780363364
3.898602412859443 2.115693591016434
3.9010999128036192 2.114182900685168
3.903597412747796 2.1126762849707816
3.906094912691972 2.1111741255637915
3.908592412636149 2.1096763095771762
3.911089912580325 2.1081827241239157
3.913587412524502 2.106693256316991
3.9160849124686785 2.105207793269383
3.9185824124128548 2.103726222094071
3.9210799123570315 2.1022484299040354
3.923577412301208 2.1007743038122566
3.9260749122453844 2.0993037309317155
3.928572412189561 2.0978370717410137
3.9310699121337374 2.096374690259752
3.933567412077914 2.0949164789124093
3.9360649120220903 2.0934623301234634
3.938562411966267 2.0920121363173925
3.9410599119104437 2.090565789918675
3.94355741185462 2.089123183351789
3.9460549117987966 2.0876842090412127
3.9485524117429733 2.0862487594114243
3.9510499116871496 2.0848167268869022
3.9535474116313263 2.083388455488894
3.9560449115755025 2.081964292573883
3.9585424115196792 2.0805441355692027
3.9610399114638555 2.0791278819021857
3.963537411408032 2.077715429000163
3.966034911352209 2.0763066742904694
3.968532411296385 2.074901515200436
3.971029911240562 2.073499849157396
3.9735274111847385 2.0721015735886823
3.976024911128915 2.0707065859216267
3.978522411073092 2.0693152146451714
3.981019911017268 2.067927791391987
3.983517410961445 2.066544218304997
3.986014910905621 2.0651643975271257
3.988512410849798 2.0637882312012965
3.9910099107939745 2.062415621470434
3.9935074107381507 2.061046470477462
3.9960049106823274 2.059680680365305
3.998502410626504 2.058318153276887
4.00099991057068 2.0569587913551315
4.003497410514857 2.0556029084197687
4.005994910459034 2.0542508212558523
4.00849241040321 2.0529024364543003
4.010989910347386 2.051557660606023
4.013487410291563 2.050216400301937
4.01598491023574 2.048878562132955
4.018482410179916 2.0475440526899917
4.020979910124092 2.0462127785639623
4.023477410068269 2.044884646345779
4.025974910012446 2.043559562626357
4.028472409956622 2.0422378273623423
4.030969909900799 2.040919743309366
4.033467409844975 2.0396052212568248
4.0359649097891515 2.0382941719941123
4.038462409733328 2.0369865063106243
4.040959909677505 2.0356821349957546
4.0434574096216815 2.0343809688388985
4.045954909565857 2.033082918629452
4.048452409510034 2.0317878951568082
4.050949909454211 2.030495809210363
4.053447409398387 2.0292069476372023
4.055944909342564 2.027921599928176
4.05844240928674 2.026639680838324
4.060939909230917 2.025361105122683
4.063437409175093 2.024085787536293
4.06593490911927 2.0228136428341927
4.068432409063447 2.021544585771421
4.0709299090076225 2.0202785311030182
4.073427408951799 2.0190153935840214
4.075924908895976 2.01775508796947
4.078422408840153 2.01649788870166
4.080919908784329 2.0152440727216847
4.083417408728505 2.013993558532781
4.085914908672682 2.0127462646381824
4.0884124086168585 2.011502109541128
4.090909908561035 2.0102610117448516
4.093407408505212 2.0090228897525897
4.095904908449388 2.007787662067579
4.098402408393564 2.006555247193055
4.100899908337741 2.0053255636322533
4.103397408281918 2.0040988740822314
4.1058949082260945 2.002875443603354
4.10839240817027 2.0016551942438228
4.110889908114447 2.0004380480518336
4.113387408058624 1.9992239270755883
4.1158849080028 1.9980127533632848
4.118382407946977 1.9968044489631234
4.120879907891153 1.9955989359233033
4.12337740783533 1.9943961362920228
4.125874907779506 1.9931959721174823
4.128372407723683 1.991998694969382
4.13086990766786 1.990804558653993
4.1333674076120355 1.9896134885743704
4.135864907556212 1.9884254101335672
4.138362407500389 1.9872402487346386
4.140859907444566 1.986057929780639
4.143357407388742 1.9848783786746231
4.145854907332918 1.9837015208196456
4.148352407277095 1.98252728161876
4.1508499072212715 1.9813555864750216
4.153347407165448 1.9801866764100986
4.155844907109625 1.9790207945635858
4.158342407053801 1.977857869515426
4.160839906997977 1.976697829845561
4.163337406942154 1.9755406041339347
4.165834906886331 1.9743861209604896
4.168332406830507 1.9732343089051685
4.170829906774683 1.972085096547915
4.17332740671886 1.9709384124686709
4.175824906663037 1.9697941852473793
4.178322406607213 1.968652645901168
4.18081990655139 1.9675140274539407
4.183317406495566 1.9663782614958072
4.1858149064397425 1.9652452796168738
4.188312406383919 1.9641150134072491
4.190809906328096 1.962987394457042
4.193307406272273 1.9618623543563607
4.195804906216448 1.960739824695313
4.198302406160625 1.959619737064007
4.200799906104802 1.958502023052551
4.2032974060489785 1.9573869041836032
4.205794905993155 1.9562746038824026
4.208292405937331 1.95516505659293
4.210789905881508 1.9540581967591628
4.213287405825684 1.9529539588250822
4.215784905769861 1.9518522772346671
4.218282405714038 1.950753086431898
4.220779905658214 1.9496563208607538
4.22327740560239 1.9485619149652145
4.225774905546568 1.9474698031892586
4.228272405490745 1.946380198040139
4.230769905434921 1.9452933138299364
4.233267405379097 1.9442090877098777
4.235764905323274 1.9431274568311885
4.2382624052674505 1.9420483583450956
4.240759905211627 1.9409717294028257
4.243257405155804 1.9398975071556046
4.24575490509998 1.9388256287546586
4.248252405044156 1.937756031351214
4.250749904988333 1.9366886520964977
4.25324740493251 1.9356236949328136
4.255744904876686 1.9345613655155252
4.258242404820862 1.9335016035654464
4.260739904765039 1.9324443488033907
4.263237404709216 1.9313895409501713
4.265734904653392 1.9303371197266026
4.268232404597569 1.9292870248534981
4.270729904541745 1.9282391960516723
4.2732274044859215 1.9271935730419378
4.275724904430098 1.9261500955451087
4.278222404374275 1.9251089593622952
4.280719904318452 1.924070361921449
4.283217404262627 1.923034245383646
4.285714904206804 1.9220005519099594
4.288212404150981 1.9209692236614664
4.2907099040951575 1.919940202799242
4.293207404039334 1.9189134314843606
4.29570490398351 1.9178888518778991
4.298202403927687 1.9168664061409315
4.300699903871863 1.9158460364345338
4.30319740381604 1.9148279308173728
4.305694903760217 1.9138122788939096
4.308192403704393 1.9127990251439102
4.310689903648569 1.911788114047139
4.313187403592746 1.9107794900833628
4.315684903536923 1.9097730977323475
4.318182403481099 1.908768881473858
4.320679903425275 1.907766785787661
4.323177403369452 1.906766755153521
4.325674903313629 1.9057687340512048
4.328172403257805 1.904772903172386
4.330669903201982 1.903779444678295
4.333167403146158 1.9027883052530334
4.3356649030903345 1.9017994315807012
4.338162403034511 1.9008127703454
4.340659902978688 1.8998282682312306
4.343157402922865 1.898845871922294
4.34565490286704 1.8978655281026915
4.348152402811217 1.8968871834565229
4.350649902755394 1.89591078466789
4.3531474026995705 1.8949365054153
4.355644902643747 1.8939645207750562
4.358142402587923 1.892994779527954
4.3606399025321 1.892027230454788
4.363137402476276 1.8910618223363524
4.365634902420453 1.890098503953443
4.36813240236463 1.8891372240868551
4.3706299023088055 1.888177931517383
4.373127402252982 1.8872205750258215
4.375624902197159 1.8862651033929656
4.378122402141336 1.8853116836179196
4.380619902085512 1.8843604840299895
4.383117402029688 1.8834114554052752
4.385614901973865 1.8824645485198754
4.3881124019180415 1.8815197141498887
4.390609901862218 1.8805769030714152
4.393107401806395 1.8796360660605533
4.395604901750571 1.8786971538934025
4.398102401694747 1.8777601173460619
4.400599901638924 1.8768249071946304
4.403097401583101 1.875891684073652
4.4055949015272775 1.8749606098841725
4.408092401471453 1.874031637302045
4.41058990141563 1.8731047190031205
4.413087401359807 1.8721798076632523
4.415584901303983 1.8712568559582925
4.41808240124816 1.8703358165640933
4.420579901192336 1.8694166421565077
4.423077401136513 1.8684992854113873
4.425574901080689 1.8675836990045844
4.428072401024866 1.866670037503209
4.430569900969043 1.8657584566808059
4.4330674009132185 1.8648489110228816
4.435564900857395 1.8639413550149408
4.438062400801572 1.8630357431424902
4.440559900745749 1.8621320298910358
4.443057400689925 1.8612301697460827
4.445554900634101 1.860330117193138
4.448052400578278 1.8594318267177066
4.4505499005224545 1.8585352528052945
4.453047400466631 1.8576405442361537
4.455544900410808 1.8567478509402966
4.458042400354984 1.8558571291278732
4.46053990029916 1.8549683350090302
4.463037400243337 1.854081424793917
4.465534900187514 1.8531963546926826
4.4680324001316905 1.8523130809154749
4.470529900075866 1.851431559672443
4.473027400020043 1.8505517471737347
4.47552489996422 1.8496735996294993
4.478022399908396 1.8487972602984266
4.480519899852573 1.8479228735354591
4.483017399796749 1.8470503971951242
4.4855148997409255 1.8461797891319471
4.488012399685102 1.845311007200457
4.490509899629279 1.8444440092551795
4.493007399573456 1.8435787531506413
4.495504899517631 1.8427151967413702
4.498002399461808 1.8418532978818924
4.500499899405985 1.840993014426735
4.5029973993501615 1.8401344843638991
4.505494899294338 1.8392778467270916
4.507992399238514 1.8384230609393977
4.510489899182691 1.837570086423901
4.512987399126867 1.836718882603688
4.515484899071044 1.8358694089018426
4.517982399015221 1.83502162474145
4.520479898959397 1.8341754895455955
4.522977398903573 1.8333309627373635
4.52547489884775 1.8324880037398388
4.527972398791927 1.83164674550762
4.530469898736103 1.8308073219932386
4.532967398680279 1.8299696941166814
4.535464898624456 1.8291338227979335
4.537962398568633 1.828299668956981
4.540459898512809 1.8274671935138105
4.542957398456986 1.826636357388407
4.545454898401162 1.8258071215007574
4.5479523983453385 1.8249794467708467
4.550449898289516 1.824153294118661
4.552947398233693 1.8233287916898524
4.5554448981778695 1.8225060685828347
4.557942398122045 1.8216850871467387
4.560439898066222 1.8208658097306933
4.562937398010399 1.8200481986838295
4.565434897954575 1.819232216355277
4.567932397898752 1.818417825094166
4.570429897842928 1.817604987249627
4.5729273977871046 1.8167936651707894
4.575424897731281 1.8159838212067836
4.577922397675458 1.8151755789070156
4.580419897619635 1.8143690627309121
4.5829173975638104 1.813564236392637
4.585414897507987 1.8127610636063511
4.587912397452164 1.8119595080862183
4.5904098973963405 1.8111595335464015
4.592907397340517 1.8103611037010618
4.595404897284693 1.8095641822643636
4.59790239722887 1.8087687329504685
4.600399897173046 1.8079747194735392
4.602897397117223 1.807182260988181
4.6053948970614 1.8063914775185606
4.607892397005576 1.8056023340831837
4.610389896949752 1.8048147957005545
4.612887396893929 1.804028827389179
4.615384896838106 1.8032443941675615
4.617882396782282 1.8024614610542076
4.620379896726458 1.8016799930676228
4.622877396670635 1.8008999552263116
4.625374896614812 1.8001213125487794
4.627872396558988 1.7993441799861989
4.630369896503165 1.7985686733209756
4.632867396447341 1.797794758818466
4.6353648963915175 1.797022402744024
4.637862396335694 1.796251571363006
4.640359896279871 1.795482230940767
4.642857396224048 1.7947143477426617
4.645354896168223 1.7939478880340465
4.6478523961124 1.793182818080276
4.650349896056577 1.792419104146706
4.6528473960007535 1.7916568571614526
4.65534489594493 1.79089618884757
4.657842395889106 1.790137066662821
4.660339895833283 1.7893794580649662
4.662837395777459 1.788623330511769
4.665334895721636 1.78786865146099
4.667832395665813 1.787115388370392
4.670329895609989 1.7863635086977372
4.672827395554165 1.7856129799007865
4.675324895498342 1.7848637694373022
4.677822395442519 1.7841159843858239
4.680319895386695 1.7833697325853723
4.682817395330871 1.7826249826344336
4.685314895275048 1.781881703131492
4.6878123952192245 1.7811398626750323
4.690309895163401 1.7803994298635404
4.692807395107578 1.7796603732955014
4.695304895051754 1.7789226615693998
4.69780239499593 1.7781862632837213
4.700299894940107 1.7774511470369505
4.702797394884284 1.776717416217345
4.7052948948284605 1.7759851749410651
4.707792394772636 1.775254392898453
4.710289894716813 1.7745250397798493
4.71278739466099 1.7737970852755955
4.715284894605166 1.7730704990760326
4.717782394549343 1.772345250871502
4.720279894493519 1.771621310352346
4.722777394437696 1.770898647208904
4.725274894381872 1.7701772311315187
4.727772394326049 1.7694571619823083
4.730269894270226 1.7687385403201323
4.7327673942144015 1.7680213368804463
4.735264894158578 1.7673055223987024
4.737762394102755 1.7665910676103553
4.740259894046932 1.7658779432508591
4.742757393991108 1.7651661200556672
4.745254893935284 1.7644555687602341
4.747752393879461 1.7637462601000136
4.7502498938236375 1.7630381648104587
4.752747393767814 1.762331379353484
4.755244893711991 1.7616260008587354
4.757742393656167 1.7609220010632654
4.760239893600343 1.7602193517041251
4.76273739354452 1.759518024518367
4.765234893488697 1.7588179912430437
4.7677323934328735 1.7581192236152066
4.770229893377049 1.7574216933719087
4.772727393321226 1.7567253722502014
4.775224893265403 1.7560302319871368
4.777722393209579 1.755336365833987
4.780219893153756 1.7546438676808727
4.782717393097932 1.7539527102231212
4.785214893042109 1.7532628661560579
4.787712392986285 1.7525743081750096
4.790209892930462 1.7518870089753027
4.792707392874639 1.7512009412522638
4.7952048928188145 1.7505160777012196
4.797702392762991 1.7498323910174962
4.800199892707168 1.7491498538964196
4.8026973926513445 1.7484685563955542
4.805194892595521 1.7477885891869602
4.807692392539697 1.7471099258877096
4.810189892483874 1.7464325401148728
4.81268739242805 1.7457564054855226
4.815184892372227 1.7450814956167295
4.817682392316404 1.7444077841255656
4.82017989226058 1.7437352446291028
4.822677392204756 1.7430638507444116
4.825174892148933 1.742393576088564
4.82767239209311 1.7417245079232804
4.830169892037286 1.741056734094432
4.832667391981462 1.740390229095318
4.835164891925639 1.7397249674192354
4.837662391869816 1.739060923559483
4.840159891813992 1.7383980720093595
4.842657391758169 1.7377363872621623
4.845154891702345 1.737075843811191
4.8476523916465215 1.7364164161497428
4.850149891590698 1.7357580787711164
4.852647391534875 1.7351009156283619
4.855144891479052 1.7344450112465364
4.857642391423227 1.7337903409769506
4.860139891367404 1.7331368801709135
4.862637391311581 1.7324846041797348
4.8651348912557575 1.7318334883547248
4.867632391199934 1.7311835080471925
4.87012989114411 1.7305346386084486
4.872627391088287 1.729886855389802
4.875124891032463 1.7292401337425627
4.87762239097664 1.7285945559049198
4.880119890920817 1.7279502046366637
4.882617390864993 1.7273070560715085
4.885114890809169 1.7266650863431658
4.887612390753346 1.7260242715853493
4.890109890697523 1.7253845879317722
4.892607390641699 1.7247460115161464
4.895104890585875 1.7241085184721858
4.897602390530052 1.723472084933603
4.9000998904742294 1.7228366870341105
4.902597390418406 1.7222024019518913
4.905094890362583 1.7215693074290608
4.907592390306759 1.7209373804452344
4.910089890250935 1.7203065979800243
4.912587390195112 1.719676937013046
4.915084890139289 1.7190483745239133
4.917582390083465 1.7184208874922406
4.920079890027641 1.717794452897642
4.922577389971818 1.7171690477197317
4.925074889915995 1.7165446489381238
4.927572389860171 1.7159213368436295
4.930069889804348 1.715299192121348
4.932567389748524 1.714678192342327
4.9350648896927005 1.714058315077611
4.937562389636877 1.7134395378982474
4.940059889581054 1.712821838375283
4.942557389525231 1.7122051940797627
4.945054889469406 1.711589582582735
4.947552389413583 1.7109749814552442
4.95004988935776 1.710361368268338
4.9525473893019365 1.709748807639961
4.955044889246113 1.709137364909948
4.957542389190289 1.708527018732181
4.960039889134466 1.7079177477605403
4.962537389078642 1.707309530648908
4.965034889022819 1.7067023460511654
4.967532388966996 1.7060961726211934
4.970029888911172 1.705490989012874
4.972527388855348 1.7048867738800886
4.975024888799525 1.7042835058767178
4.977522388743702 1.7036812791623286
4.980019888687878 1.7030801877647817
4.982517388632054 1.7024802101404013
4.985014888576231 1.7018813247455113
4.987512388520408 1.7012835100364354
4.990009888464584 1.7006867444694977
4.992507388408761 1.7000910065010222
4.995004888352937 1.699496274587333
4.9975023882971135 1.6989025271847538
4.99999988824129 1.6983097427496083
