1
1 1 Material1
20
0 0
3 0
1.5 1
0.5 1.5
0 3
1 3
3 3
1.5 0
2.25 0.5
0.75 0.5
1 1.25
0.25 0.75
0.25 2.25
0 1.5
1.75 2.25
2.25 2
3 1.5
0.5 3
0.75 2.25
2 3
28
0 7 9 0
1 7 8 0
0 9 11 0
7 8 9 0
1 8 16 0
0 11 13 0
9 10 11 0
2 9 10 0
2 8 9 0
2 8 15 0
8 15 16 0
11 12 13 0
3 11 12 0
3 10 11 0
3 10 14 0
2 10 15 0
10 14 15 0
4 12 13 0
3 12 18 0
3 14 18 0
6 14 15 0
6 15 16 0
4 12 17 0
12 17 18 0
5 17 18 0
14 18 19 0
5 18 19 0
6 14 19 0
10
0 7 Bottom
1 7 Bottom
0 13 Left
4 13 Left
4 17 Top
5 17 Top
5 19 Top
6 19 Top
1 16 Right
6 16 Right