902
-0.0025 0
0 0
0.00823679 0
0.0141202 0
0.0183226 0
0.0213244 0
0.0234685 0
0.025 0
0.0275 0
0.0308333 0
0.0341667 0
0.0375 0
0.04 0
0.0413399 0
0.042616 0
0.0438313 0
0.0449888 0
0.0460911 0
0.047141 0
0.0481409 0
0.0490931 0
0.05 0
0.0509069 0
0.0518591 0
0.052859 0
0.0539089 0
0.0550112 0
0.0561687 0
0.057384 0
0.0586601 0
0.06 0
0.0625 0
0.0658333 0
0.0691667 0
0.0725 0
0.075 0
0.0765315 0
0.0786756 0
0.0816774 0
0.0858798 0
0.0917632 0
0.1 0
0.1025 0
-0.0025 0.001
0 0.001
0.00823679 0.001
0.0141202 0.001
0.0183226 0.001
0.0213244 0.001
0.0234685 0.001
0.025 0.001
0.0275 0.001
0.0308333 0.001
0.0341667 0.001
0.0375 0.001
0.04 0.001
0.0413399 0.001
0.042616 0.001
0.0438313 0.001
0.0449888 0.001
0.0460911 0.001
0.047141 0.001
0.0481409 0.001
0.0490931 0.001
0.05 0.001
0.0509069 0.001
0.0518591 0.001
0.052859 0.001
0.0539089 0.001
0.0550112 0.001
0.0561687 0.001
0.057384 0.001
0.0586601 0.001
0.06 0.001
0.0625 0.001
0.0658333 0.001
0.0691667 0.001
0.0725 0.001
0.075 0.001
0.0765315 0.001
0.0786756 0.001
0.0816774 0.001
0.0858798 0.001
0.0917632 0.001
0.1 0.001
0.1025 0.001
-0.0025 0.002
0 0.002
0.00823679 0.002
0.0141202 0.002
0.0183226 0.002
0.0213244 0.002
0.0234685 0.002
0.025 0.002
0.0275 0.002
0.0308333 0.002
0.0341667 0.002
0.0375 0.002
0.04 0.002
0.0413399 0.002
0.042616 0.002
0.0438313 0.002
0.0449888 0.002
0.0460911 0.002
0.047141 0.002
0.0481409 0.002
0.0490931 0.002
0.05 0.002
0.0509069 0.002
0.0518591 0.002
0.052859 0.002
0.0539089 0.002
0.0550112 0.002
0.0561687 0.002
0.057384 0.002
0.0586601 0.002
0.06 0.002
0.0625 0.002
0.0658333 0.002
0.0691667 0.002
0.0725 0.002
0.075 0.002
0.0765315 0.002
0.0786756 0.002
0.0816774 0.002
0.0858798 0.002
0.0917632 0.002
0.1 0.002
0.1025 0.002
-0.0025 0.003
0 0.003
0.00823679 0.003
0.0141202 0.003
0.0183226 0.003
0.0213244 0.003
0.0234685 0.003
0.025 0.003
0.0275 0.003
0.0308333 0.003
0.0341667 0.003
0.0375 0.003
0.04 0.003
0.0413399 0.003
0.042616 0.003
0.0438313 0.003
0.0449888 0.003
0.0460911 0.003
0.047141 0.003
0.0481409 0.003
0.0490931 0.003
0.05 0.003
0.0509069 0.003
0.0518591 0.003
0.052859 0.003
0.0539089 0.003
0.0550112 0.003
0.0561687 0.003
0.057384 0.003
0.0586601 0.003
0.06 0.003
0.0625 0.003
0.0658333 0.003
0.0691667 0.003
0.0725 0.003
0.075 0.003
0.0765315 0.003
0.0786756 0.003
0.0816774 0.003
0.0858798 0.003
0.0917632 0.003
0.1 0.003
0.1025 0.003
-0.0025 0.00387884
0 0.00387884
0.00823679 0.00387884
0.0141202 0.00387884
0.0183226 0.00387884
0.0213244 0.00387884
0.0234685 0.00387884
0.025 0.00387884
0.0275 0.00387884
0.0308333 0.00387884
0.0341667 0.00387884
0.0375 0.00387884
0.04 0.00387884
0.0413399 0.00387884
0.042616 0.00387884
0.0438313 0.00387884
0.0449888 0.00387884
0.0460911 0.00387884
0.047141 0.00387884
0.0481409 0.00387884
0.0490931 0.00387884
0.05 0.00387884
0.0509069 0.00387884
0.0518591 0.00387884
0.052859 0.00387884
0.0539089 0.00387884
0.0550112 0.00387884
0.0561687 0.00387884
0.057384 0.00387884
0.0586601 0.00387884
0.06 0.00387884
0.0625 0.00387884
0.0658333 0.00387884
0.0691667 0.00387884
0.0725 0.00387884
0.075 0.00387884
0.0765315 0.00387884
0.0786756 0.00387884
0.0816774 0.00387884
0.0858798 0.00387884
0.0917632 0.00387884
0.1 0.00387884
0.1025 0.00387884
-0.0025 0.00493344
0 0.00493344
0.00823679 0.00493344
0.0141202 0.00493344
0.0183226 0.00493344
0.0213244 0.00493344
0.0234685 0.00493344
0.025 0.00493344
0.0275 0.00493344
0.0308333 0.00493344
0.0341667 0.00493344
0.0375 0.00493344
0.04 0.00493344
0.0413399 0.00493344
0.042616 0.00493344
0.0438313 0.00493344
0.0449888 0.00493344
0.0460911 0.00493344
0.047141 0.00493344
0.0481409 0.00493344
0.0490931 0.00493344
0.05 0.00493344
0.0509069 0.00493344
0.0518591 0.00493344
0.052859 0.00493344
0.0539089 0.00493344
0.0550112 0.00493344
0.0561687 0.00493344
0.057384 0.00493344
0.0586601 0.00493344
0.06 0.00493344
0.0625 0.00493344
0.0658333 0.00493344
0.0691667 0.00493344
0.0725 0.00493344
0.075 0.00493344
0.0765315 0.00493344
0.0786756 0.00493344
0.0816774 0.00493344
0.0858798 0.00493344
0.0917632 0.00493344
0.1 0.00493344
0.1025 0.00493344
-0.0025 0.00619897
0 0.00619897
0.00823679 0.00619897
0.0141202 0.00619897
0.0183226 0.00619897
0.0213244 0.00619897
0.0234685 0.00619897
0.025 0.00619897
0.0275 0.00619897
0.0308333 0.00619897
0.0341667 0.00619897
0.0375 0.00619897
0.04 0.00619897
0.0413399 0.00619897
0.042616 0.00619897
0.0438313 0.00619897
0.0449888 0.00619897
0.0460911 0.00619897
0.047141 0.00619897
0.0481409 0.00619897
0.0490931 0.00619897
0.05 0.00619897
0.0509069 0.00619897
0.0518591 0.00619897
0.052859 0.00619897
0.0539089 0.00619897
0.0550112 0.00619897
0.0561687 0.00619897
0.057384 0.00619897
0.0586601 0.00619897
0.06 0.00619897
0.0625 0.00619897
0.0658333 0.00619897
0.0691667 0.00619897
0.0725 0.00619897
0.075 0.00619897
0.0765315 0.00619897
0.0786756 0.00619897
0.0816774 0.00619897
0.0858798 0.00619897
0.0917632 0.00619897
0.1 0.00619897
0.1025 0.00619897
-0.0025 0.0077176
0 0.0077176
0.00823679 0.0077176
0.0141202 0.0077176
0.0183226 0.0077176
0.0213244 0.0077176
0.0234685 0.0077176
0.025 0.0077176
0.0275 0.0077176
0.0308333 0.0077176
0.0341667 0.0077176
0.0375 0.0077176
0.04 0.0077176
0.0413399 0.0077176
0.042616 0.0077176
0.0438313 0.0077176
0.0449888 0.0077176
0.0460911 0.0077176
0.047141 0.0077176
0.0481409 0.0077176
0.0490931 0.0077176
0.05 0.0077176
0.0509069 0.0077176
0.0518591 0.0077176
0.052859 0.0077176
0.0539089 0.0077176
0.0550112 0.0077176
0.0561687 0.0077176
0.057384 0.0077176
0.0586601 0.0077176
0.06 0.0077176
0.0625 0.0077176
0.0658333 0.0077176
0.0691667 0.0077176
0.0725 0.0077176
0.075 0.0077176
0.0765315 0.0077176
0.0786756 0.0077176
0.0816774 0.0077176
0.0858798 0.0077176
0.0917632 0.0077176
0.1 0.0077176
0.1025 0.0077176
-0.0025 0.00953995
0 0.00953995
0.00823679 0.00953995
0.0141202 0.00953995
0.0183226 0.00953995
0.0213244 0.00953995
0.0234685 0.00953995
0.025 0.00953995
0.0275 0.00953995
0.0308333 0.00953995
0.0341667 0.00953995
0.0375 0.00953995
0.04 0.00953995
0.0413399 0.00953995
0.042616 0.00953995
0.0438313 0.00953995
0.0449888 0.00953995
0.0460911 0.00953995
0.047141 0.00953995
0.0481409 0.00953995
0.0490931 0.00953995
0.05 0.00953995
0.0509069 0.00953995
0.0518591 0.00953995
0.052859 0.00953995
0.0539089 0.00953995
0.0550112 0.00953995
0.0561687 0.00953995
0.057384 0.00953995
0.0586601 0.00953995
0.06 0.00953995
0.0625 0.00953995
0.0658333 0.00953995
0.0691667 0.00953995
0.0725 0.00953995
0.075 0.00953995
0.0765315 0.00953995
0.0786756 0.00953995
0.0816774 0.00953995
0.0858798 0.00953995
0.0917632 0.00953995
0.1 0.00953995
0.1025 0.00953995
-0.0025 0.0117268
0 0.0117268
0.00823679 0.0117268
0.0141202 0.0117268
0.0183226 0.0117268
0.0213244 0.0117268
0.0234685 0.0117268
0.025 0.0117268
0.0275 0.0117268
0.0308333 0.0117268
0.0341667 0.0117268
0.0375 0.0117268
0.04 0.0117268
0.0413399 0.0117268
0.042616 0.0117268
0.0438313 0.0117268
0.0449888 0.0117268
0.0460911 0.0117268
0.047141 0.0117268
0.0481409 0.0117268
0.0490931 0.0117268
0.05 0.0117268
0.0509069 0.0117268
0.0518591 0.0117268
0.052859 0.0117268
0.0539089 0.0117268
0.0550112 0.0117268
0.0561687 0.0117268
0.057384 0.0117268
0.0586601 0.0117268
0.06 0.0117268
0.0625 0.0117268
0.0658333 0.0117268
0.0691667 0.0117268
0.0725 0.0117268
0.075 0.0117268
0.0765315 0.0117268
0.0786756 0.0117268
0.0816774 0.0117268
0.0858798 0.0117268
0.0917632 0.0117268
0.1 0.0117268
0.1025 0.0117268
-0.0025 0.014351
0 0.014351
0.00823679 0.014351
0.0141202 0.014351
0.0183226 0.014351
0.0213244 0.014351
0.0234685 0.014351
0.025 0.014351
0.0275 0.014351
0.0308333 0.014351
0.0341667 0.014351
0.0375 0.014351
0.04 0.014351
0.0413399 0.014351
0.042616 0.014351
0.0438313 0.014351
0.0449888 0.014351
0.0460911 0.014351
0.047141 0.014351
0.0481409 0.014351
0.0490931 0.014351
0.05 0.014351
0.0509069 0.014351
0.0518591 0.014351
0.052859 0.014351
0.0539089 0.014351
0.0550112 0.014351
0.0561687 0.014351
0.057384 0.014351
0.0586601 0.014351
0.06 0.014351
0.0625 0.014351
0.0658333 0.014351
0.0691667 0.014351
0.0725 0.014351
0.075 0.014351
0.0765315 0.014351
0.0786756 0.014351
0.0816774 0.014351
0.0858798 0.014351
0.0917632 0.014351
0.1 0.014351
0.1025 0.014351
-0.0025 0.0175
0 0.0175
0.00823679 0.0175
0.0141202 0.0175
0.0183226 0.0175
0.0213244 0.0175
0.0234685 0.0175
0.025 0.0175
0.0275 0.0175
0.0308333 0.0175
0.0341667 0.0175
0.0375 0.0175
0.04 0.0175
0.0413399 0.0175
0.042616 0.0175
0.0438313 0.0175
0.0449888 0.0175
0.0460911 0.0175
0.047141 0.0175
0.0481409 0.0175
0.0490931 0.0175
0.05 0.0175
0.0509069 0.0175
0.0518591 0.0175
0.052859 0.0175
0.0539089 0.0175
0.0550112 0.0175
0.0561687 0.0175
0.057384 0.0175
0.0586601 0.0175
0.06 0.0175
0.0625 0.0175
0.0658333 0.0175
0.0691667 0.0175
0.0725 0.0175
0.075 0.0175
0.0765315 0.0175
0.0786756 0.0175
0.0816774 0.0175
0.0858798 0.0175
0.0917632 0.0175
0.1 0.0175
0.1025 0.0175
-0.0025 0.0208333
0 0.0208333
0.00823679 0.0208333
0.0141202 0.0208333
0.0183226 0.0208333
0.0213244 0.0208333
0.0234685 0.0208333
0.025 0.0208333
0.0275 0.0208333
0.0308333 0.0208333
0.0341667 0.0208333
0.0375 0.0208333
0.04 0.0208333
0.0413399 0.0208333
0.042616 0.0208333
0.0438313 0.0208333
0.0449888 0.0208333
0.0460911 0.0208333
0.047141 0.0208333
0.0481409 0.0208333
0.0490931 0.0208333
0.05 0.0208333
0.0509069 0.0208333
0.0518591 0.0208333
0.052859 0.0208333
0.0539089 0.0208333
0.0550112 0.0208333
0.0561687 0.0208333
0.057384 0.0208333
0.0586601 0.0208333
0.06 0.0208333
0.0625 0.0208333
0.0658333 0.0208333
0.0691667 0.0208333
0.0725 0.0208333
0.075 0.0208333
0.0765315 0.0208333
0.0786756 0.0208333
0.0816774 0.0208333
0.0858798 0.0208333
0.0917632 0.0208333
0.1 0.0208333
0.1025 0.0208333
-0.0025 0.0241667
0 0.0241667
0.00823679 0.0241667
0.0141202 0.0241667
0.0183226 0.0241667
0.0213244 0.0241667
0.0234685 0.0241667
0.025 0.0241667
0.0275 0.0241667
0.0308333 0.0241667
0.0341667 0.0241667
0.0375 0.0241667
0.04 0.0241667
0.0413399 0.0241667
0.042616 0.0241667
0.0438313 0.0241667
0.0449888 0.0241667
0.0460911 0.0241667
0.047141 0.0241667
0.0481409 0.0241667
0.0490931 0.0241667
0.05 0.0241667
0.0509069 0.0241667
0.0518591 0.0241667
0.052859 0.0241667
0.0539089 0.0241667
0.0550112 0.0241667
0.0561687 0.0241667
0.057384 0.0241667
0.0586601 0.0241667
0.06 0.0241667
0.0625 0.0241667
0.0658333 0.0241667
0.0691667 0.0241667
0.0725 0.0241667
0.075 0.0241667
0.0765315 0.0241667
0.0786756 0.0241667
0.0816774 0.0241667
0.0858798 0.0241667
0.0917632 0.0241667
0.1 0.0241667
0.1025 0.0241667
-0.0025 0.0275
0 0.0275
0.00823679 0.0275
0.0141202 0.0275
0.0183226 0.0275
0.0213244 0.0275
0.0234685 0.0275
0.025 0.0275
0.0275 0.0275
0.0308333 0.0275
0.0341667 0.0275
0.0375 0.0275
0.04 0.0275
0.0413399 0.0275
0.042616 0.0275
0.0438313 0.0275
0.0449888 0.0275
0.0460911 0.0275
0.047141 0.0275
0.0481409 0.0275
0.0490931 0.0275
0.05 0.0275
0.0509069 0.0275
0.0518591 0.0275
0.052859 0.0275
0.0539089 0.0275
0.0550112 0.0275
0.0561687 0.0275
0.057384 0.0275
0.0586601 0.0275
0.06 0.0275
0.0625 0.0275
0.0658333 0.0275
0.0691667 0.0275
0.0725 0.0275
0.075 0.0275
0.0765315 0.0275
0.0786756 0.0275
0.0816774 0.0275
0.0858798 0.0275
0.0917632 0.0275
0.1 0.0275
0.1025 0.0275
-0.0025 0.03
0 0.03
0.00823679 0.03
0.0141202 0.03
0.0183226 0.03
0.0213244 0.03
0.0234685 0.03
0.025 0.03
0.0275 0.03
0.0308333 0.03
0.0341667 0.03
0.0375 0.03
0.04 0.03
0.0413399 0.03
0.042616 0.03
0.0438313 0.03
0.0449888 0.03
0.0460911 0.03
0.047141 0.03
0.0481409 0.03
0.0490931 0.03
0.05 0.03
0.0509069 0.03
0.0518591 0.03
0.052859 0.03
0.0539089 0.03
0.0550112 0.03
0.0561687 0.03
0.057384 0.03
0.0586601 0.03
0.06 0.03
0.0625 0.03
0.0658333 0.03
0.0691667 0.03
0.0725 0.03
0.075 0.03
0.0765315 0.03
0.0786756 0.03
0.0816774 0.03
0.0858798 0.03
0.0917632 0.03
0.1 0.03
0.1025 0.03
-0.0025 0.0318378
0 0.0318378
0.00823679 0.0318378
0.0141202 0.0318378
0.0183226 0.0318378
0.0213244 0.0318378
0.0234685 0.0318378
0.025 0.0318378
0.0275 0.0318378
0.0308333 0.0318378
0.0341667 0.0318378
0.0375 0.0318378
0.04 0.0318378
0.0413399 0.0318378
0.042616 0.0318378
0.0438313 0.0318378
0.0449888 0.0318378
0.0460911 0.0318378
0.047141 0.0318378
0.0481409 0.0318378
0.0490931 0.0318378
0.05 0.0318378
0.0509069 0.0318378
0.0518591 0.0318378
0.052859 0.0318378
0.0539089 0.0318378
0.0550112 0.0318378
0.0561687 0.0318378
0.057384 0.0318378
0.0586601 0.0318378
0.06 0.0318378
0.0625 0.0318378
0.0658333 0.0318378
0.0691667 0.0318378
0.0725 0.0318378
0.075 0.0318378
0.0765315 0.0318378
0.0786756 0.0318378
0.0816774 0.0318378
0.0858798 0.0318378
0.0917632 0.0318378
0.1 0.0318378
0.1025 0.0318378
-0.0025 0.0344107
0 0.0344107
0.00823679 0.0344107
0.0141202 0.0344107
0.0183226 0.0344107
0.0213244 0.0344107
0.0234685 0.0344107
0.025 0.0344107
0.0275 0.0344107
0.0308333 0.0344107
0.0341667 0.0344107
0.0375 0.0344107
0.04 0.0344107
0.0413399 0.0344107
0.042616 0.0344107
0.0438313 0.0344107
0.0449888 0.0344107
0.0460911 0.0344107
0.047141 0.0344107
0.0481409 0.0344107
0.0490931 0.0344107
0.05 0.0344107
0.0509069 0.0344107
0.0518591 0.0344107
0.052859 0.0344107
0.0539089 0.0344107
0.0550112 0.0344107
0.0561687 0.0344107
0.057384 0.0344107
0.0586601 0.0344107
0.06 0.0344107
0.0625 0.0344107
0.0658333 0.0344107
0.0691667 0.0344107
0.0725 0.0344107
0.075 0.0344107
0.0765315 0.0344107
0.0786756 0.0344107
0.0816774 0.0344107
0.0858798 0.0344107
0.0917632 0.0344107
0.1 0.0344107
0.1025 0.0344107
-0.0025 0.0380128
0 0.0380128
0.00823679 0.0380128
0.0141202 0.0380128
0.0183226 0.0380128
0.0213244 0.0380128
0.0234685 0.0380128
0.025 0.0380128
0.0275 0.0380128
0.0308333 0.0380128
0.0341667 0.0380128
0.0375 0.0380128
0.04 0.0380128
0.0413399 0.0380128
0.042616 0.0380128
0.0438313 0.0380128
0.0449888 0.0380128
0.0460911 0.0380128
0.047141 0.0380128
0.0481409 0.0380128
0.0490931 0.0380128
0.05 0.0380128
0.0509069 0.0380128
0.0518591 0.0380128
0.052859 0.0380128
0.0539089 0.0380128
0.0550112 0.0380128
0.0561687 0.0380128
0.057384 0.0380128
0.0586601 0.0380128
0.06 0.0380128
0.0625 0.0380128
0.0658333 0.0380128
0.0691667 0.0380128
0.0725 0.0380128
0.075 0.0380128
0.0765315 0.0380128
0.0786756 0.0380128
0.0816774 0.0380128
0.0858798 0.0380128
0.0917632 0.0380128
0.1 0.0380128
0.1025 0.0380128
-0.0025 0.0430558
0 0.0430558
0.00823679 0.0430558
0.0141202 0.0430558
0.0183226 0.0430558
0.0213244 0.0430558
0.0234685 0.0430558
0.025 0.0430558
0.0275 0.0430558
0.0308333 0.0430558
0.0341667 0.0430558
0.0375 0.0430558
0.04 0.0430558
0.0413399 0.0430558
0.042616 0.0430558
0.0438313 0.0430558
0.0449888 0.0430558
0.0460911 0.0430558
0.047141 0.0430558
0.0481409 0.0430558
0.0490931 0.0430558
0.05 0.0430558
0.0509069 0.0430558
0.0518591 0.0430558
0.052859 0.0430558
0.0539089 0.0430558
0.0550112 0.0430558
0.0561687 0.0430558
0.057384 0.0430558
0.0586601 0.0430558
0.06 0.0430558
0.0625 0.0430558
0.0658333 0.0430558
0.0691667 0.0430558
0.0725 0.0430558
0.075 0.0430558
0.0765315 0.0430558
0.0786756 0.0430558
0.0816774 0.0430558
0.0858798 0.0430558
0.0917632 0.0430558
0.1 0.0430558
0.1025 0.0430558
-0.0025 0.0501159
0 0.0501159
0.00823679 0.0501159
0.0141202 0.0501159
0.0183226 0.0501159
0.0213244 0.0501159
0.0234685 0.0501159
0.025 0.0501159
0.0275 0.0501159
0.0308333 0.0501159
0.0341667 0.0501159
0.0375 0.0501159
0.04 0.0501159
0.0413399 0.0501159
0.042616 0.0501159
0.0438313 0.0501159
0.0449888 0.0501159
0.0460911 0.0501159
0.047141 0.0501159
0.0481409 0.0501159
0.0490931 0.0501159
0.05 0.0501159
0.0509069 0.0501159
0.0518591 0.0501159
0.052859 0.0501159
0.0539089 0.0501159
0.0550112 0.0501159
0.0561687 0.0501159
0.057384 0.0501159
0.0586601 0.0501159
0.06 0.0501159
0.0625 0.0501159
0.0658333 0.0501159
0.0691667 0.0501159
0.0725 0.0501159
0.075 0.0501159
0.0765315 0.0501159
0.0786756 0.0501159
0.0816774 0.0501159
0.0858798 0.0501159
0.0917632 0.0501159
0.1 0.0501159
