840
44 45 1 2 1
45 46 2 3 2
46 47 3 4 2
47 48 4 5 2
48 49 5 6 2
49 50 6 7 2
50 51 7 8 2
51 52 8 9 1
52 53 9 10 1
53 54 10 11 1
54 55 11 12 1
55 56 12 13 1
56 57 13 14 1
57 58 14 15 1
58 59 15 16 1
59 60 16 17 1
60 61 17 18 1
61 62 18 19 1
62 63 19 20 1
63 64 20 21 1
64 65 21 22 1
65 66 22 23 1
66 67 23 24 1
67 68 24 25 1
68 69 25 26 1
69 70 26 27 1
70 71 27 28 1
71 72 28 29 1
72 73 29 30 1
73 74 30 31 1
74 75 31 32 1
75 76 32 33 1
76 77 33 34 1
77 78 34 35 1
78 79 35 36 1
79 80 36 37 2
80 81 37 38 2
81 82 38 39 2
82 83 39 40 2
83 84 40 41 2
84 85 41 42 2
85 86 42 43 1
87 88 44 45 1
88 89 45 46 2
89 90 46 47 2
90 91 47 48 2
91 92 48 49 2
92 93 49 50 2
93 94 50 51 2
94 95 51 52 1
95 96 52 53 1
96 97 53 54 1
97 98 54 55 1
98 99 55 56 1
99 100 56 57 1
100 101 57 58 1
101 102 58 59 1
102 103 59 60 1
103 104 60 61 1
104 105 61 62 1
105 106 62 63 1
106 107 63 64 1
107 108 64 65 1
108 109 65 66 1
109 110 66 67 1
110 111 67 68 1
111 112 68 69 1
112 113 69 70 1
113 114 70 71 1
114 115 71 72 1
115 116 72 73 1
116 117 73 74 1
117 118 74 75 1
118 119 75 76 1
119 120 76 77 1
120 121 77 78 1
121 122 78 79 1
122 123 79 80 2
123 124 80 81 2
124 125 81 82 2
125 126 82 83 2
126 127 83 84 2
127 128 84 85 2
128 129 85 86 1
130 131 87 88 1
131 132 88 89 2
132 133 89 90 2
133 134 90 91 2
134 135 91 92 2
135 136 92 93 2
136 137 93 94 2
137 138 94 95 1
138 139 95 96 1
139 140 96 97 1
140 141 97 98 1
141 142 98 99 1
142 143 99 100 1
143 144 100 101 1
144 145 101 102 1
145 146 102 103 1
146 147 103 104 1
147 148 104 105 1
148 149 105 106 1
149 150 106 107 1
150 151 107 108 1
151 152 108 109 1
152 153 109 110 1
153 154 110 111 1
154 155 111 112 1
155 156 112 113 1
156 157 113 114 1
157 158 114 115 1
158 159 115 116 1
159 160 116 117 1
160 161 117 118 1
161 162 118 119 1
162 163 119 120 1
163 164 120 121 1
164 165 121 122 1
165 166 122 123 2
166 167 123 124 2
167 168 124 125 2
168 169 125 126 2
169 170 126 127 2
170 171 127 128 2
171 172 128 129 1
173 174 130 131 1
174 175 131 132 2
175 176 132 133 2
176 177 133 134 2
177 178 134 135 2
178 179 135 136 2
179 180 136 137 2
180 181 137 138 1
181 182 138 139 1
182 183 139 140 1
183 184 140 141 1
184 185 141 142 1
185 186 142 143 2
186 187 143 144 2
187 188 144 145 2
188 189 145 146 2
189 190 146 147 2
190 191 147 148 2
191 192 148 149 2
192 193 149 150 2
193 194 150 151 2
194 195 151 152 2
195 196 152 153 2
196 197 153 154 2
197 198 154 155 2
198 199 155 156 2
199 200 156 157 2
200 201 157 158 2
201 202 158 159 2
202 203 159 160 2
203 204 160 161 1
204 205 161 162 1
205 206 162 163 1
206 207 163 164 1
207 208 164 165 1
208 209 165 166 2
209 210 166 167 2
210 211 167 168 2
211 212 168 169 2
212 213 169 170 2
213 214 170 171 2
214 215 171 172 1
216 217 173 174 1
217 218 174 175 2
218 219 175 176 2
219 220 176 177 2
220 221 177 178 2
221 222 178 179 2
222 223 179 180 2
223 224 180 181 1
224 225 181 182 1
225 226 182 183 1
226 227 183 184 1
227 228 184 185 1
228 229 185 186 2
229 230 186 187 2
230 231 187 188 2
231 232 188 189 2
232 233 189 190 2
233 234 190 191 2
234 235 191 192 2
235 236 192 193 2
236 237 193 194 2
237 238 194 195 2
238 239 195 196 2
239 240 196 197 2
240 241 197 198 2
241 242 198 199 2
242 243 199 200 2
243 244 200 201 2
244 245 201 202 2
245 246 202 203 2
246 247 203 204 1
247 248 204 205 1
248 249 205 206 1
249 250 206 207 1
250 251 207 208 1
251 252 208 209 2
252 253 209 210 2
253 254 210 211 2
254 255 211 212 2
255 256 212 213 2
256 257 213 214 2
257 258 214 215 1
259 260 216 217 1
260 261 217 218 2
261 262 218 219 2
262 263 219 220 2
263 264 220 221 2
264 265 221 222 2
265 266 222 223 2
266 267 223 224 1
267 268 224 225 1
268 269 225 226 1
269 270 226 227 1
270 271 227 228 1
271 272 228 229 2
272 273 229 230 2
273 274 230 231 2
274 275 231 232 2
275 276 232 233 2
276 277 233 234 2
277 278 234 235 2
278 279 235 236 2
279 280 236 237 2
280 281 237 238 2
281 282 238 239 2
282 283 239 240 2
283 284 240 241 2
284 285 241 242 2
285 286 242 243 2
286 287 243 244 2
287 288 244 245 2
288 289 245 246 2
289 290 246 247 1
290 291 247 248 1
291 292 248 249 1
292 293 249 250 1
293 294 250 251 1
294 295 251 252 2
295 296 252 253 2
296 297 253 254 2
297 298 254 255 2
298 299 255 256 2
299 300 256 257 2
300 301 257 258 1
302 303 259 260 1
303 304 260 261 2
304 305 261 262 2
305 306 262 263 2
306 307 263 264 2
307 308 264 265 2
308 309 265 266 2
309 310 266 267 1
310 311 267 268 1
311 312 268 269 1
312 313 269 270 1
313 314 270 271 1
314 315 271 272 2
315 316 272 273 2
316 317 273 274 2
317 318 274 275 2
318 319 275 276 2
319 320 276 277 2
320 321 277 278 2
321 322 278 279 2
322 323 279 280 2
323 324 280 281 2
324 325 281 282 2
325 326 282 283 2
326 327 283 284 2
327 328 284 285 2
328 329 285 286 2
329 330 286 287 2
330 331 287 288 2
331 332 288 289 2
332 333 289 290 1
333 334 290 291 1
334 335 291 292 1
335 336 292 293 1
336 337 293 294 1
337 338 294 295 2
338 339 295 296 2
339 340 296 297 2
340 341 297 298 2
341 342 298 299 2
342 343 299 300 2
343 344 300 301 1
345 346 302 303 1
346 347 303 304 2
347 348 304 305 2
348 349 305 306 2
349 350 306 307 2
350 351 307 308 2
351 352 308 309 2
352 353 309 310 1
353 354 310 311 1
354 355 311 312 1
355 356 312 313 1
356 357 313 314 1
357 358 314 315 2
358 359 315 316 2
359 360 316 317 2
360 361 317 318 2
361 362 318 319 2
362 363 319 320 2
363 364 320 321 2
364 365 321 322 2
365 366 322 323 2
366 367 323 324 2
367 368 324 325 2
368 369 325 326 2
369 370 326 327 2
370 371 327 328 2
371 372 328 329 2
372 373 329 330 2
373 374 330 331 2
374 375 331 332 2
375 376 332 333 1
376 377 333 334 1
377 378 334 335 1
378 379 335 336 1
379 380 336 337 1
380 381 337 338 2
381 382 338 339 2
382 383 339 340 2
383 384 340 341 2
384 385 341 342 2
385 386 342 343 2
386 387 343 344 1
388 389 345 346 1
389 390 346 347 2
390 391 347 348 2
391 392 348 349 2
392 393 349 350 2
393 394 350 351 2
394 395 351 352 2
395 396 352 353 1
396 397 353 354 1
397 398 354 355 1
398 399 355 356 1
399 400 356 357 1
400 401 357 358 2
401 402 358 359 2
402 403 359 360 2
403 404 360 361 2
404 405 361 362 2
405 406 362 363 2
406 407 363 364 2
407 408 364 365 2
408 409 365 366 2
409 410 366 367 2
410 411 367 368 2
411 412 368 369 2
412 413 369 370 2
413 414 370 371 2
414 415 371 372 2
415 416 372 373 2
416 417 373 374 2
417 418 374 375 2
418 419 375 376 1
419 420 376 377 1
420 421 377 378 1
421 422 378 379 1
422 423 379 380 1
423 424 380 381 2
424 425 381 382 2
425 426 382 383 2
426 427 383 384 2
427 428 384 385 2
428 429 385 386 2
429 430 386 387 1
431 432 388 389 1
432 433 389 390 2
433 434 390 391 2
434 435 391 392 2
435 436 392 393 2
436 437 393 394 2
437 438 394 395 2
438 439 395 396 1
439 440 396 397 1
440 441 397 398 1
441 442 398 399 1
442 443 399 400 1
443 444 400 401 2
444 445 401 402 2
445 446 402 403 2
446 447 403 404 2
447 448 404 405 2
448 449 405 406 2
449 450 406 407 2
450 451 407 408 2
451 452 408 409 2
452 453 409 410 2
453 454 410 411 2
454 455 411 412 2
455 456 412 413 2
456 457 413 414 2
457 458 414 415 2
458 459 415 416 2
459 460 416 417 2
460 461 417 418 2
461 462 418 419 1
462 463 419 420 1
463 464 420 421 1
464 465 421 422 1
465 466 422 423 1
466 467 423 424 2
467 468 424 425 2
468 469 425 426 2
469 470 426 427 2
470 471 427 428 2
471 472 428 429 2
472 473 429 430 1
474 475 431 432 1
475 476 432 433 2
476 477 433 434 2
477 478 434 435 2
478 479 435 436 2
479 480 436 437 2
480 481 437 438 2
481 482 438 439 1
482 483 439 440 1
483 484 440 441 1
484 485 441 442 1
485 486 442 443 1
486 487 443 444 2
487 488 444 445 2
488 489 445 446 2
489 490 446 447 2
490 491 447 448 2
491 492 448 449 2
492 493 449 450 2
493 494 450 451 2
494 495 451 452 2
495 496 452 453 2
496 497 453 454 2
497 498 454 455 2
498 499 455 456 2
499 500 456 457 2
500 501 457 458 2
501 502 458 459 2
502 503 459 460 2
503 504 460 461 2
504 505 461 462 1
505 506 462 463 1
506 507 463 464 1
507 508 464 465 1
508 509 465 466 1
509 510 466 467 2
510 511 467 468 2
511 512 468 469 2
512 513 469 470 2
513 514 470 471 2
514 515 471 472 2
515 516 472 473 1
517 518 474 475 1
518 519 475 476 2
519 520 476 477 2
520 521 477 478 2
521 522 478 479 2
522 523 479 480 2
523 524 480 481 2
524 525 481 482 1
525 526 482 483 3
526 527 483 484 3
527 528 484 485 3
528 529 485 486 1
529 530 486 487 2
530 531 487 488 2
531 532 488 489 2
532 533 489 490 2
533 534 490 491 2
534 535 491 492 2
535 536 492 493 2
536 537 493 494 2
537 538 494 495 2
538 539 495 496 2
539 540 496 497 2
540 541 497 498 2
541 542 498 499 2
542 543 499 500 2
543 544 500 501 2
544 545 501 502 2
545 546 502 503 2
546 547 503 504 2
547 548 504 505 1
548 549 505 506 4
549 550 506 507 4
550 551 507 508 4
551 552 508 509 1
552 553 509 510 2
553 554 510 511 2
554 555 511 512 2
555 556 512 513 2
556 557 513 514 2
557 558 514 515 2
558 559 515 516 1
560 561 517 518 1
561 562 518 519 2
562 563 519 520 2
563 564 520 521 2
564 565 521 522 2
565 566 522 523 2
566 567 523 524 2
567 568 524 525 1
568 569 525 526 3
569 570 526 527 3
570 571 527 528 3
571 572 528 529 1
572 573 529 530 2
573 574 530 531 2
574 575 531 532 2
575 576 532 533 2
576 577 533 534 2
577 578 534 535 2
578 579 535 536 2
579 580 536 537 2
580 581 537 538 2
581 582 538 539 2
582 583 539 540 2
583 584 540 541 2
584 585 541 542 2
585 586 542 543 2
586 587 543 544 2
587 588 544 545 2
588 589 545 546 2
589 590 546 547 2
590 591 547 548 1
591 592 548 549 4
592 593 549 550 4
593 594 550 551 4
594 595 551 552 1
595 596 552 553 2
596 597 553 554 2
597 598 554 555 2
598 599 555 556 2
599 600 556 557 2
600 601 557 558 2
601 602 558 559 1
603 604 560 561 1
604 605 561 562 2
605 606 562 563 2
606 607 563 564 2
607 608 564 565 2
608 609 565 566 2
609 610 566 567 2
610 611 567 568 1
611 612 568 569 3
612 613 569 570 3
613 614 570 571 3
614 615 571 572 1
615 616 572 573 2
616 617 573 574 2
617 618 574 575 2
618 619 575 576 2
619 620 576 577 2
620 621 577 578 2
621 622 578 579 2
622 623 579 580 2
623 624 580 581 2
624 625 581 582 2
625 626 582 583 2
626 627 583 584 2
627 628 584 585 2
628 629 585 586 2
629 630 586 587 2
630 631 587 588 2
631 632 588 589 2
632 633 589 590 2
633 634 590 591 1
634 635 591 592 4
635 636 592 593 4
636 637 593 594 4
637 638 594 595 1
638 639 595 596 2
639 640 596 597 2
640 641 597 598 2
641 642 598 599 2
642 643 599 600 2
643 644 600 601 2
644 645 601 602 1
646 647 603 604 1
647 648 604 605 2
648 649 605 606 2
649 650 606 607 2
650 651 607 608 2
651 652 608 609 2
652 653 609 610 2
653 654 610 611 1
654 655 611 612 1
655 656 612 613 1
656 657 613 614 1
657 658 614 615 1
658 659 615 616 2
659 660 616 617 2
660 661 617 618 2
661 662 618 619 2
662 663 619 620 2
663 664 620 621 2
664 665 621 622 2
665 666 622 623 2
666 667 623 624 2
667 668 624 625 2
668 669 625 626 2
669 670 626 627 2
670 671 627 628 2
671 672 628 629 2
672 673 629 630 2
673 674 630 631 2
674 675 631 632 2
675 676 632 633 2
676 677 633 634 1
677 678 634 635 1
678 679 635 636 1
679 680 636 637 1
680 681 637 638 1
681 682 638 639 2
682 683 639 640 2
683 684 640 641 2
684 685 641 642 2
685 686 642 643 2
686 687 643 644 2
687 688 644 645 1
689 690 646 647 1
690 691 647 648 2
691 692 648 649 2
692 693 649 650 2
693 694 650 651 2
694 695 651 652 2
695 696 652 653 2
696 697 653 654 2
697 698 654 655 2
698 699 655 656 2
699 700 656 657 2
700 701 657 658 2
701 702 658 659 2
702 703 659 660 2
703 704 660 661 2
704 705 661 662 2
705 706 662 663 2
706 707 663 664 2
707 708 664 665 2
708 709 665 666 2
709 710 666 667 2
710 711 667 668 2
711 712 668 669 2
712 713 669 670 2
713 714 670 671 2
714 715 671 672 2
715 716 672 673 2
716 717 673 674 2
717 718 674 675 2
718 719 675 676 2
719 720 676 677 2
720 721 677 678 2
721 722 678 679 2
722 723 679 680 2
723 724 680 681 2
724 725 681 682 2
725 726 682 683 2
726 727 683 684 2
727 728 684 685 2
728 729 685 686 2
729 730 686 687 2
730 731 687 688 1
732 733 689 690 1
733 734 690 691 2
734 735 691 692 2
735 736 692 693 2
736 737 693 694 2
737 738 694 695 2
738 739 695 696 2
739 740 696 697 2
740 741 697 698 2
741 742 698 699 2
742 743 699 700 2
743 744 700 701 2
744 745 701 702 2
745 746 702 703 2
746 747 703 704 2
747 748 704 705 2
748 749 705 706 2
749 750 706 707 2
750 751 707 708 2
751 752 708 709 2
752 753 709 710 2
753 754 710 711 2
754 755 711 712 2
755 756 712 713 2
756 757 713 714 2
757 758 714 715 2
758 759 715 716 2
759 760 716 717 2
760 761 717 718 2
761 762 718 719 2
762 763 719 720 2
763 764 720 721 2
764 765 721 722 2
765 766 722 723 2
766 767 723 724 2
767 768 724 725 2
768 769 725 726 2
769 770 726 727 2
770 771 727 728 2
771 772 728 729 2
772 773 729 730 2
773 774 730 731 1
775 776 732 733 1
776 777 733 734 2
777 778 734 735 2
778 779 735 736 2
779 780 736 737 2
780 781 737 738 2
781 782 738 739 2
782 783 739 740 2
783 784 740 741 2
784 785 741 742 2
785 786 742 743 2
786 787 743 744 2
787 788 744 745 2
788 789 745 746 2
789 790 746 747 2
790 791 747 748 2
791 792 748 749 2
792 793 749 750 2
793 794 750 751 2
794 795 751 752 2
795 796 752 753 2
796 797 753 754 2
797 798 754 755 2
798 799 755 756 2
799 800 756 757 2
800 801 757 758 2
801 802 758 759 2
802 803 759 760 2
803 804 760 761 2
804 805 761 762 2
805 806 762 763 2
806 807 763 764 2
807 808 764 765 2
808 809 765 766 2
809 810 766 767 2
810 811 767 768 2
811 812 768 769 2
812 813 769 770 2
813 814 770 771 2
814 815 771 772 2
815 816 772 773 2
816 817 773 774 1
818 819 775 776 1
819 820 776 777 2
820 821 777 778 2
821 822 778 779 2
822 823 779 780 2
823 824 780 781 2
824 825 781 782 2
825 826 782 783 2
826 827 783 784 2
827 828 784 785 2
828 829 785 786 2
829 830 786 787 2
830 831 787 788 2
831 832 788 789 2
832 833 789 790 2
833 834 790 791 2
834 835 791 792 2
835 836 792 793 2
836 837 793 794 2
837 838 794 795 2
838 839 795 796 2
839 840 796 797 2
840 841 797 798 2
841 842 798 799 2
842 843 799 800 2
843 844 800 801 2
844 845 801 802 2
845 846 802 803 2
846 847 803 804 2
847 848 804 805 2
848 849 805 806 2
849 850 806 807 2
850 851 807 808 2
851 852 808 809 2
852 853 809 810 2
853 854 810 811 2
854 855 811 812 2
855 856 812 813 2
856 857 813 814 2
857 858 814 815 2
858 859 815 816 2
859 860 816 817 1
861 862 818 819 1
862 863 819 820 2
863 864 820 821 2
864 865 821 822 2
865 866 822 823 2
866 867 823 824 2
867 868 824 825 2
868 869 825 826 2
869 870 826 827 2
870 871 827 828 2
871 872 828 829 2
872 873 829 830 2
873 874 830 831 2
874 875 831 832 2
875 876 832 833 2
876 877 833 834 2
877 878 834 835 2
878 879 835 836 2
879 880 836 837 2
880 881 837 838 2
881 882 838 839 2
882 883 839 840 2
883 884 840 841 2
884 885 841 842 2
885 886 842 843 2
886 887 843 844 2
887 888 844 845 2
888 889 845 846 2
889 890 846 847 2
890 891 847 848 2
891 892 848 849 2
892 893 849 850 2
893 894 850 851 2
894 895 851 852 2
895 896 852 853 2
896 897 853 854 2
897 898 854 855 2
898 899 855 856 2
899 900 856 857 2
900 901 857 858 2
901 902 858 859 2
902 903 859 860 1
