1848
1 2 44 1
2 44 45 1
2 3 45 2
3 45 46 2
3 4 46 2
4 46 47 2
4 5 47 2
5 47 48 2
5 6 48 2
6 48 49 2
6 7 49 2
7 49 50 2
7 8 50 2
8 50 51 2
8 9 51 1
9 51 52 1
9 10 52 1
10 52 53 1
10 11 53 1
11 53 54 1
11 12 54 1
12 54 55 1
12 13 55 1
13 55 56 1
13 14 56 1
14 56 57 1
14 15 57 1
15 57 58 1
15 16 58 1
16 58 59 1
16 17 59 1
17 59 60 1
17 18 60 1
18 60 61 1
18 19 61 1
19 61 62 1
19 20 62 1
20 62 63 1
20 21 63 1
21 63 64 1
21 22 64 1
22 64 65 1
22 23 65 1
23 65 66 1
23 24 66 1
24 66 67 1
24 25 67 1
25 67 68 1
25 26 68 1
26 68 69 1
26 27 69 1
27 69 70 1
27 28 70 1
28 70 71 1
28 29 71 1
29 71 72 1
29 30 72 1
30 72 73 1
30 31 73 1
31 73 74 1
31 32 74 1
32 74 75 1
32 33 75 1
33 75 76 1
33 34 76 1
34 76 77 1
34 35 77 1
35 77 78 1
35 36 78 1
36 78 79 1
36 37 79 2
37 79 80 2
37 38 80 2
38 80 81 2
38 39 81 2
39 81 82 2
39 40 82 2
40 82 83 2
40 41 83 2
41 83 84 2
41 42 84 2
42 84 85 2
42 43 85 1
43 85 86 1
44 45 87 1
45 87 88 1
45 46 88 2
46 88 89 2
46 47 89 2
47 89 90 2
47 48 90 2
48 90 91 2
48 49 91 2
49 91 92 2
49 50 92 2
50 92 93 2
50 51 93 2
51 93 94 2
51 52 94 1
52 94 95 1
52 53 95 1
53 95 96 1
53 54 96 1
54 96 97 1
54 55 97 1
55 97 98 1
55 56 98 1
56 98 99 1
56 57 99 1
57 99 100 1
57 58 100 1
58 100 101 1
58 59 101 1
59 101 102 1
59 60 102 1
60 102 103 1
60 61 103 1
61 103 104 1
61 62 104 1
62 104 105 1
62 63 105 1
63 105 106 1
63 64 106 1
64 106 107 1
64 65 107 1
65 107 108 1
65 66 108 1
66 108 109 1
66 67 109 1
67 109 110 1
67 68 110 1
68 110 111 1
68 69 111 1
69 111 112 1
69 70 112 1
70 112 113 1
70 71 113 1
71 113 114 1
71 72 114 1
72 114 115 1
72 73 115 1
73 115 116 1
73 74 116 1
74 116 117 1
74 75 117 1
75 117 118 1
75 76 118 1
76 118 119 1
76 77 119 1
77 119 120 1
77 78 120 1
78 120 121 1
78 79 121 1
79 121 122 1
79 80 122 2
80 122 123 2
80 81 123 2
81 123 124 2
81 82 124 2
82 124 125 2
82 83 125 2
83 125 126 2
83 84 126 2
84 126 127 2
84 85 127 2
85 127 128 2
85 86 128 1
86 128 129 1
87 88 130 1
88 130 131 1
88 89 131 2
89 131 132 2
89 90 132 2
90 132 133 2
90 91 133 2
91 133 134 2
91 92 134 2
92 134 135 2
92 93 135 2
93 135 136 2
93 94 136 2
94 136 137 2
94 95 137 1
95 137 138 1
95 96 138 1
96 138 139 1
96 97 139 1
97 139 140 1
97 98 140 1
98 140 141 1
98 99 141 1
99 141 142 1
99 100 142 1
100 142 143 1
100 101 143 1
101 143 144 1
101 102 144 1
102 144 145 1
102 103 145 1
103 145 146 1
103 104 146 1
104 146 147 1
104 105 147 1
105 147 148 1
105 106 148 1
106 148 149 1
106 107 149 1
107 149 150 1
107 108 150 1
108 150 151 1
108 109 151 1
109 151 152 1
109 110 152 1
110 152 153 1
110 111 153 1
111 153 154 1
111 112 154 1
112 154 155 1
112 113 155 1
113 155 156 1
113 114 156 1
114 156 157 1
114 115 157 1
115 157 158 1
115 116 158 1
116 158 159 1
116 117 159 1
117 159 160 1
117 118 160 1
118 160 161 1
118 119 161 1
119 161 162 1
119 120 162 1
120 162 163 1
120 121 163 1
121 163 164 1
121 122 164 1
122 164 165 1
122 123 165 2
123 165 166 2
123 124 166 2
124 166 167 2
124 125 167 2
125 167 168 2
125 126 168 2
126 168 169 2
126 127 169 2
127 169 170 2
127 128 170 2
128 170 171 2
128 129 171 1
129 171 172 1
130 131 173 1
131 173 174 1
131 132 174 2
132 174 175 2
132 133 175 2
133 175 176 2
133 134 176 2
134 176 177 2
134 135 177 2
135 177 178 2
135 136 178 2
136 178 179 2
136 137 179 2
137 179 180 2
137 138 180 1
138 180 181 1
138 139 181 1
139 181 182 1
139 140 182 1
140 182 183 1
140 141 183 1
141 183 184 1
141 142 184 1
142 184 185 1
142 143 185 2
143 185 186 2
143 144 186 2
144 186 187 2
144 145 187 2
145 187 188 2
145 146 188 2
146 188 189 2
146 147 189 2
147 189 190 2
147 148 190 2
148 190 191 2
148 149 191 2
149 191 192 2
149 150 192 2
150 192 193 2
150 151 193 2
151 193 194 2
151 152 194 2
152 194 195 2
152 153 195 2
153 195 196 2
153 154 196 2
154 196 197 2
154 155 197 2
155 197 198 2
155 156 198 2
156 198 199 2
156 157 199 2
157 199 200 2
157 158 200 2
158 200 201 2
158 159 201 2
159 201 202 2
159 160 202 2
160 202 203 2
160 161 203 1
161 203 204 1
161 162 204 1
162 204 205 1
162 163 205 1
163 205 206 1
163 164 206 1
164 206 207 1
164 165 207 1
165 207 208 1
165 166 208 2
166 208 209 2
166 167 209 2
167 209 210 2
167 168 210 2
168 210 211 2
168 169 211 2
169 211 212 2
169 170 212 2
170 212 213 2
170 171 213 2
171 213 214 2
171 172 214 1
172 214 215 1
173 174 216 1
174 216 217 1
174 175 217 2
175 217 218 2
175 176 218 2
176 218 219 2
176 177 219 2
177 219 220 2
177 178 220 2
178 220 221 2
178 179 221 2
179 221 222 2
179 180 222 2
180 222 223 2
180 181 223 1
181 223 224 1
181 182 224 1
182 224 225 1
182 183 225 1
183 225 226 1
183 184 226 1
184 226 227 1
184 185 227 1
185 227 228 1
185 186 228 2
186 228 229 2
186 187 229 2
187 229 230 2
187 188 230 2
188 230 231 2
188 189 231 2
189 231 232 2
189 190 232 2
190 232 233 2
190 191 233 2
191 233 234 2
191 192 234 2
192 234 235 2
192 193 235 2
193 235 236 2
193 194 236 2
194 236 237 2
194 195 237 2
195 237 238 2
195 196 238 2
196 238 239 2
196 197 239 2
197 239 240 2
197 198 240 2
198 240 241 2
198 199 241 2
199 241 242 2
199 200 242 2
200 242 243 2
200 201 243 2
201 243 244 2
201 202 244 2
202 244 245 2
202 203 245 2
203 245 246 2
203 204 246 1
204 246 247 1
204 205 247 1
205 247 248 1
205 206 248 1
206 248 249 1
206 207 249 1
207 249 250 1
207 208 250 1
208 250 251 1
208 209 251 2
209 251 252 2
209 210 252 2
210 252 253 2
210 211 253 2
211 253 254 2
211 212 254 2
212 254 255 2
212 213 255 2
213 255 256 2
213 214 256 2
214 256 257 2
214 215 257 1
215 257 258 1
216 217 259 1
217 259 260 1
217 218 260 2
218 260 261 2
218 219 261 2
219 261 262 2
219 220 262 2
220 262 263 2
220 221 263 2
221 263 264 2
221 222 264 2
222 264 265 2
222 223 265 2
223 265 266 2
223 224 266 1
224 266 267 1
224 225 267 1
225 267 268 1
225 226 268 1
226 268 269 1
226 227 269 1
227 269 270 1
227 228 270 1
228 270 271 1
228 229 271 2
229 271 272 2
229 230 272 2
230 272 273 2
230 231 273 2
231 273 274 2
231 232 274 2
232 274 275 2
232 233 275 2
233 275 276 2
233 234 276 2
234 276 277 2
234 235 277 2
235 277 278 2
235 236 278 2
236 278 279 2
236 237 279 2
237 279 280 2
237 238 280 2
238 280 281 2
238 239 281 2
239 281 282 2
239 240 282 2
240 282 283 2
240 241 283 2
241 283 284 2
241 242 284 2
242 284 285 2
242 243 285 2
243 285 286 2
243 244 286 2
244 286 287 2
244 245 287 2
245 287 288 2
245 246 288 2
246 288 289 2
246 247 289 1
247 289 290 1
247 248 290 1
248 290 291 1
248 249 291 1
249 291 292 1
249 250 292 1
250 292 293 1
250 251 293 1
251 293 294 1
251 252 294 2
252 294 295 2
252 253 295 2
253 295 296 2
253 254 296 2
254 296 297 2
254 255 297 2
255 297 298 2
255 256 298 2
256 298 299 2
256 257 299 2
257 299 300 2
257 258 300 1
258 300 301 1
259 260 302 1
260 302 303 1
260 261 303 2
261 303 304 2
261 262 304 2
262 304 305 2
262 263 305 2
263 305 306 2
263 264 306 2
264 306 307 2
264 265 307 2
265 307 308 2
265 266 308 2
266 308 309 2
266 267 309 1
267 309 310 1
267 268 310 1
268 310 311 1
268 269 311 1
269 311 312 1
269 270 312 1
270 312 313 1
270 271 313 1
271 313 314 1
271 272 314 2
272 314 315 2
272 273 315 2
273 315 316 2
273 274 316 2
274 316 317 2
274 275 317 2
275 317 318 2
275 276 318 2
276 318 319 2
276 277 319 2
277 319 320 2
277 278 320 2
278 320 321 2
278 279 321 2
279 321 322 2
279 280 322 2
280 322 323 2
280 281 323 2
281 323 324 2
281 282 324 2
282 324 325 2
282 283 325 2
283 325 326 2
283 284 326 2
284 326 327 2
284 285 327 2
285 327 328 2
285 286 328 2
286 328 329 2
286 287 329 2
287 329 330 2
287 288 330 2
288 330 331 2
288 289 331 2
289 331 332 2
289 290 332 1
290 332 333 1
290 291 333 1
291 333 334 1
291 292 334 1
292 334 335 1
292 293 335 1
293 335 336 1
293 294 336 1
294 336 337 1
294 295 337 2
295 337 338 2
295 296 338 2
296 338 339 2
296 297 339 2
297 339 340 2
297 298 340 2
298 340 341 2
298 299 341 2
299 341 342 2
299 300 342 2
300 342 343 2
300 301 343 1
301 343 344 1
302 303 345 1
303 345 346 1
303 304 346 2
304 346 347 2
304 305 347 2
305 347 348 2
305 306 348 2
306 348 349 2
306 307 349 2
307 349 350 2
307 308 350 2
308 350 351 2
308 309 351 2
309 351 352 2
309 310 352 1
310 352 353 1
310 311 353 1
311 353 354 1
311 312 354 1
312 354 355 1
312 313 355 1
313 355 356 1
313 314 356 1
314 356 357 1
314 315 357 2
315 357 358 2
315 316 358 2
316 358 359 2
316 317 359 2
317 359 360 2
317 318 360 2
318 360 361 2
318 319 361 2
319 361 362 2
319 320 362 2
320 362 363 2
320 321 363 2
321 363 364 2
321 322 364 2
322 364 365 2
322 323 365 2
323 365 366 2
323 324 366 2
324 366 367 2
324 325 367 2
325 367 368 2
325 326 368 2
326 368 369 2
326 327 369 2
327 369 370 2
327 328 370 2
328 370 371 2
328 329 371 2
329 371 372 2
329 330 372 2
330 372 373 2
330 331 373 2
331 373 374 2
331 332 374 2
332 374 375 2
332 333 375 1
333 375 376 1
333 334 376 1
334 376 377 1
334 335 377 1
335 377 378 1
335 336 378 1
336 378 379 1
336 337 379 1
337 379 380 1
337 338 380 2
338 380 381 2
338 339 381 2
339 381 382 2
339 340 382 2
340 382 383 2
340 341 383 2
341 383 384 2
341 342 384 2
342 384 385 2
342 343 385 2
343 385 386 2
343 344 386 1
344 386 387 1
345 346 388 1
346 388 389 1
346 347 389 2
347 389 390 2
347 348 390 2
348 390 391 2
348 349 391 2
349 391 392 2
349 350 392 2
350 392 393 2
350 351 393 2
351 393 394 2
351 352 394 2
352 394 395 2
352 353 395 1
353 395 396 1
353 354 396 1
354 396 397 1
354 355 397 1
355 397 398 1
355 356 398 1
356 398 399 1
356 357 399 1
357 399 400 1
357 358 400 2
358 400 401 2
358 359 401 2
359 401 402 2
359 360 402 2
360 402 403 2
360 361 403 2
361 403 404 2
361 362 404 2
362 404 405 2
362 363 405 2
363 405 406 2
363 364 406 2
364 406 407 2
364 365 407 2
365 407 408 2
365 366 408 2
366 408 409 2
366 367 409 2
367 409 410 2
367 368 410 2
368 410 411 2
368 369 411 2
369 411 412 2
369 370 412 2
370 412 413 2
370 371 413 2
371 413 414 2
371 372 414 2
372 414 415 2
372 373 415 2
373 415 416 2
373 374 416 2
374 416 417 2
374 375 417 2
375 417 418 2
375 376 418 1
376 418 419 1
376 377 419 1
377 419 420 1
377 378 420 1
378 420 421 1
378 379 421 1
379 421 422 1
379 380 422 1
380 422 423 1
380 381 423 2
381 423 424 2
381 382 424 2
382 424 425 2
382 383 425 2
383 425 426 2
383 384 426 2
384 426 427 2
384 385 427 2
385 427 428 2
385 386 428 2
386 428 429 2
386 387 429 1
387 429 430 1
388 389 431 1
389 431 432 1
389 390 432 2
390 432 433 2
390 391 433 2
391 433 434 2
391 392 434 2
392 434 435 2
392 393 435 2
393 435 436 2
393 394 436 2
394 436 437 2
394 395 437 2
395 437 438 2
395 396 438 1
396 438 439 1
396 397 439 1
397 439 440 1
397 398 440 1
398 440 441 1
398 399 441 1
399 441 442 1
399 400 442 1
400 442 443 1
400 401 443 2
401 443 444 2
401 402 444 2
402 444 445 2
402 403 445 2
403 445 446 2
403 404 446 2
404 446 447 2
404 405 447 2
405 447 448 2
405 406 448 2
406 448 449 2
406 407 449 2
407 449 450 2
407 408 450 2
408 450 451 2
408 409 451 2
409 451 452 2
409 410 452 2
410 452 453 2
410 411 453 2
411 453 454 2
411 412 454 2
412 454 455 2
412 413 455 2
413 455 456 2
413 414 456 2
414 456 457 2
414 415 457 2
415 457 458 2
415 416 458 2
416 458 459 2
416 417 459 2
417 459 460 2
417 418 460 2
418 460 461 2
418 419 461 1
419 461 462 1
419 420 462 1
420 462 463 1
420 421 463 1
421 463 464 1
421 422 464 1
422 464 465 1
422 423 465 1
423 465 466 1
423 424 466 2
424 466 467 2
424 425 467 2
425 467 468 2
425 426 468 2
426 468 469 2
426 427 469 2
427 469 470 2
427 428 470 2
428 470 471 2
428 429 471 2
429 471 472 2
429 430 472 1
430 472 473 1
431 432 474 1
432 474 475 1
432 433 475 2
433 475 476 2
433 434 476 2
434 476 477 2
434 435 477 2
435 477 478 2
435 436 478 2
436 478 479 2
436 437 479 2
437 479 480 2
437 438 480 2
438 480 481 2
438 439 481 1
439 481 482 1
439 440 482 1
440 482 483 1
440 441 483 1
441 483 484 1
441 442 484 1
442 484 485 1
442 443 485 1
443 485 486 1
443 444 486 2
444 486 487 2
444 445 487 2
445 487 488 2
445 446 488 2
446 488 489 2
446 447 489 2
447 489 490 2
447 448 490 2
448 490 491 2
448 449 491 2
449 491 492 2
449 450 492 2
450 492 493 2
450 451 493 2
451 493 494 2
451 452 494 2
452 494 495 2
452 453 495 2
453 495 496 2
453 454 496 2
454 496 497 2
454 455 497 2
455 497 498 2
455 456 498 2
456 498 499 2
456 457 499 2
457 499 500 2
457 458 500 2
458 500 501 2
458 459 501 2
459 501 502 2
459 460 502 2
460 502 503 2
460 461 503 2
461 503 504 2
461 462 504 1
462 504 505 1
462 463 505 1
463 505 506 1
463 464 506 1
464 506 507 1
464 465 507 1
465 507 508 1
465 466 508 1
466 508 509 1
466 467 509 2
467 509 510 2
467 468 510 2
468 510 511 2
468 469 511 2
469 511 512 2
469 470 512 2
470 512 513 2
470 471 513 2
471 513 514 2
471 472 514 2
472 514 515 2
472 473 515 1
473 515 516 1
474 475 517 1
475 517 518 1
475 476 518 2
476 518 519 2
476 477 519 2
477 519 520 2
477 478 520 2
478 520 521 2
478 479 521 2
479 521 522 2
479 480 522 2
480 522 523 2
480 481 523 2
481 523 524 2
481 482 524 1
482 524 525 1
482 483 525 3
483 525 526 3
483 484 526 3
484 526 527 3
484 485 527 3
485 527 528 3
485 486 528 1
486 528 529 1
486 487 529 2
487 529 530 2
487 488 530 2
488 530 531 2
488 489 531 2
489 531 532 2
489 490 532 2
490 532 533 2
490 491 533 2
491 533 534 2
491 492 534 2
492 534 535 2
492 493 535 2
493 535 536 2
493 494 536 2
494 536 537 2
494 495 537 2
495 537 538 2
495 496 538 2
496 538 539 2
496 497 539 2
497 539 540 2
497 498 540 2
498 540 541 2
498 499 541 2
499 541 542 2
499 500 542 2
500 542 543 2
500 501 543 2
501 543 544 2
501 502 544 2
502 544 545 2
502 503 545 2
503 545 546 2
503 504 546 2
504 546 547 2
504 505 547 1
505 547 548 1
505 506 548 4
506 548 549 4
506 507 549 4
507 549 550 4
507 508 550 4
508 550 551 4
508 509 551 1
509 551 552 1
509 510 552 2
510 552 553 2
510 511 553 2
511 553 554 2
511 512 554 2
512 554 555 2
512 513 555 2
513 555 556 2
513 514 556 2
514 556 557 2
514 515 557 2
515 557 558 2
515 516 558 1
516 558 559 1
517 518 560 1
518 560 561 1
518 519 561 2
519 561 562 2
519 520 562 2
520 562 563 2
520 521 563 2
521 563 564 2
521 522 564 2
522 564 565 2
522 523 565 2
523 565 566 2
523 524 566 2
524 566 567 2
524 525 567 1
525 567 568 1
525 526 568 3
526 568 569 3
526 527 569 3
527 569 570 3
527 528 570 3
528 570 571 3
528 529 571 1
529 571 572 1
529 530 572 2
530 572 573 2
530 531 573 2
531 573 574 2
531 532 574 2
532 574 575 2
532 533 575 2
533 575 576 2
533 534 576 2
534 576 577 2
534 535 577 2
535 577 578 2
535 536 578 2
536 578 579 2
536 537 579 2
537 579 580 2
537 538 580 2
538 580 581 2
538 539 581 2
539 581 582 2
539 540 582 2
540 582 583 2
540 541 583 2
541 583 584 2
541 542 584 2
542 584 585 2
542 543 585 2
543 585 586 2
543 544 586 2
544 586 587 2
544 545 587 2
545 587 588 2
545 546 588 2
546 588 589 2
546 547 589 2
547 589 590 2
547 548 590 1
548 590 591 1
548 549 591 4
549 591 592 4
549 550 592 4
550 592 593 4
550 551 593 4
551 593 594 4
551 552 594 1
552 594 595 1
552 553 595 2
553 595 596 2
553 554 596 2
554 596 597 2
554 555 597 2
555 597 598 2
555 556 598 2
556 598 599 2
556 557 599 2
557 599 600 2
557 558 600 2
558 600 601 2
558 559 601 1
559 601 602 1
560 561 603 1
561 603 604 1
561 562 604 2
562 604 605 2
562 563 605 2
563 605 606 2
563 564 606 2
564 606 607 2
564 565 607 2
565 607 608 2
565 566 608 2
566 608 609 2
566 567 609 2
567 609 610 2
567 568 610 1
568 610 611 1
568 569 611 3
569 611 612 3
569 570 612 3
570 612 613 3
570 571 613 3
571 613 614 3
571 572 614 1
572 614 615 1
572 573 615 2
573 615 616 2
573 574 616 2
574 616 617 2
574 575 617 2
575 617 618 2
575 576 618 2
576 618 619 2
576 577 619 2
577 619 620 2
577 578 620 2
578 620 621 2
578 579 621 2
579 621 622 2
579 580 622 2
580 622 623 2
580 581 623 2
581 623 624 2
581 582 624 2
582 624 625 2
582 583 625 2
583 625 626 2
583 584 626 2
584 626 627 2
584 585 627 2
585 627 628 2
585 586 628 2
586 628 629 2
586 587 629 2
587 629 630 2
587 588 630 2
588 630 631 2
588 589 631 2
589 631 632 2
589 590 632 2
590 632 633 2
590 591 633 1
591 633 634 1
591 592 634 4
592 634 635 4
592 593 635 4
593 635 636 4
593 594 636 4
594 636 637 4
594 595 637 1
595 637 638 1
595 596 638 2
596 638 639 2
596 597 639 2
597 639 640 2
597 598 640 2
598 640 641 2
598 599 641 2
599 641 642 2
599 600 642 2
600 642 643 2
600 601 643 2
601 643 644 2
601 602 644 1
602 644 645 1
603 604 646 1
604 646 647 1
604 605 647 2
605 647 648 2
605 606 648 2
606 648 649 2
606 607 649 2
607 649 650 2
607 608 650 2
608 650 651 2
608 609 651 2
609 651 652 2
609 610 652 2
610 652 653 2
610 611 653 1
611 653 654 1
611 612 654 1
612 654 655 1
612 613 655 1
613 655 656 1
613 614 656 1
614 656 657 1
614 615 657 1
615 657 658 1
615 616 658 2
616 658 659 2
616 617 659 2
617 659 660 2
617 618 660 2
618 660 661 2
618 619 661 2
619 661 662 2
619 620 662 2
620 662 663 2
620 621 663 2
621 663 664 2
621 622 664 2
622 664 665 2
622 623 665 2
623 665 666 2
623 624 666 2
624 666 667 2
624 625 667 2
625 667 668 2
625 626 668 2
626 668 669 2
626 627 669 2
627 669 670 2
627 628 670 2
628 670 671 2
628 629 671 2
629 671 672 2
629 630 672 2
630 672 673 2
630 631 673 2
631 673 674 2
631 632 674 2
632 674 675 2
632 633 675 2
633 675 676 2
633 634 676 1
634 676 677 1
634 635 677 1
635 677 678 1
635 636 678 1
636 678 679 1
636 637 679 1
637 679 680 1
637 638 680 1
638 680 681 1
638 639 681 2
639 681 682 2
639 640 682 2
640 682 683 2
640 641 683 2
641 683 684 2
641 642 684 2
642 684 685 2
642 643 685 2
643 685 686 2
643 644 686 2
644 686 687 2
644 645 687 1
645 687 688 1
646 647 689 1
647 689 690 1
647 648 690 2
648 690 691 2
648 649 691 2
649 691 692 2
649 650 692 2
650 692 693 2
650 651 693 2
651 693 694 2
651 652 694 2
652 694 695 2
652 653 695 2
653 695 696 2
653 654 696 2
654 696 697 2
654 655 697 2
655 697 698 2
655 656 698 2
656 698 699 2
656 657 699 2
657 699 700 2
657 658 700 2
658 700 701 2
658 659 701 2
659 701 702 2
659 660 702 2
660 702 703 2
660 661 703 2
661 703 704 2
661 662 704 2
662 704 705 2
662 663 705 2
663 705 706 2
663 664 706 2
664 706 707 2
664 665 707 2
665 707 708 2
665 666 708 2
666 708 709 2
666 667 709 2
667 709 710 2
667 668 710 2
668 710 711 2
668 669 711 2
669 711 712 2
669 670 712 2
670 712 713 2
670 671 713 2
671 713 714 2
671 672 714 2
672 714 715 2
672 673 715 2
673 715 716 2
673 674 716 2
674 716 717 2
674 675 717 2
675 717 718 2
675 676 718 2
676 718 719 2
676 677 719 2
677 719 720 2
677 678 720 2
678 720 721 2
678 679 721 2
679 721 722 2
679 680 722 2
680 722 723 2
680 681 723 2
681 723 724 2
681 682 724 2
682 724 725 2
682 683 725 2
683 725 726 2
683 684 726 2
684 726 727 2
684 685 727 2
685 727 728 2
685 686 728 2
686 728 729 2
686 687 729 2
687 729 730 2
687 688 730 1
688 730 731 1
689 690 732 1
690 732 733 1
690 691 733 2
691 733 734 2
691 692 734 2
692 734 735 2
692 693 735 2
693 735 736 2
693 694 736 2
694 736 737 2
694 695 737 2
695 737 738 2
695 696 738 2
696 738 739 2
696 697 739 2
697 739 740 2
697 698 740 2
698 740 741 2
698 699 741 2
699 741 742 2
699 700 742 2
700 742 743 2
700 701 743 2
701 743 744 2
701 702 744 2
702 744 745 2
702 703 745 2
703 745 746 2
703 704 746 2
704 746 747 2
704 705 747 2
705 747 748 2
705 706 748 2
706 748 749 2
706 707 749 2
707 749 750 2
707 708 750 2
708 750 751 2
708 709 751 2
709 751 752 2
709 710 752 2
710 752 753 2
710 711 753 2
711 753 754 2
711 712 754 2
712 754 755 2
712 713 755 2
713 755 756 2
713 714 756 2
714 756 757 2
714 715 757 2
715 757 758 2
715 716 758 2
716 758 759 2
716 717 759 2
717 759 760 2
717 718 760 2
718 760 761 2
718 719 761 2
719 761 762 2
719 720 762 2
720 762 763 2
720 721 763 2
721 763 764 2
721 722 764 2
722 764 765 2
722 723 765 2
723 765 766 2
723 724 766 2
724 766 767 2
724 725 767 2
725 767 768 2
725 726 768 2
726 768 769 2
726 727 769 2
727 769 770 2
727 728 770 2
728 770 771 2
728 729 771 2
729 771 772 2
729 730 772 2
730 772 773 2
730 731 773 1
731 773 774 1
732 733 775 1
733 775 776 1
733 734 776 2
734 776 777 2
734 735 777 2
735 777 778 2
735 736 778 2
736 778 779 2
736 737 779 2
737 779 780 2
737 738 780 2
738 780 781 2
738 739 781 2
739 781 782 2
739 740 782 2
740 782 783 2
740 741 783 2
741 783 784 2
741 742 784 2
742 784 785 2
742 743 785 2
743 785 786 2
743 744 786 2
744 786 787 2
744 745 787 2
745 787 788 2
745 746 788 2
746 788 789 2
746 747 789 2
747 789 790 2
747 748 790 2
748 790 791 2
748 749 791 2
749 791 792 2
749 750 792 2
750 792 793 2
750 751 793 2
751 793 794 2
751 752 794 2
752 794 795 2
752 753 795 2
753 795 796 2
753 754 796 2
754 796 797 2
754 755 797 2
755 797 798 2
755 756 798 2
756 798 799 2
756 757 799 2
757 799 800 2
757 758 800 2
758 800 801 2
758 759 801 2
759 801 802 2
759 760 802 2
760 802 803 2
760 761 803 2
761 803 804 2
761 762 804 2
762 804 805 2
762 763 805 2
763 805 806 2
763 764 806 2
764 806 807 2
764 765 807 2
765 807 808 2
765 766 808 2
766 808 809 2
766 767 809 2
767 809 810 2
767 768 810 2
768 810 811 2
768 769 811 2
769 811 812 2
769 770 812 2
770 812 813 2
770 771 813 2
771 813 814 2
771 772 814 2
772 814 815 2
772 773 815 2
773 815 816 2
773 774 816 1
774 816 817 1
775 776 818 1
776 818 819 1
776 777 819 2
777 819 820 2
777 778 820 2
778 820 821 2
778 779 821 2
779 821 822 2
779 780 822 2
780 822 823 2
780 781 823 2
781 823 824 2
781 782 824 2
782 824 825 2
782 783 825 2
783 825 826 2
783 784 826 2
784 826 827 2
784 785 827 2
785 827 828 2
785 786 828 2
786 828 829 2
786 787 829 2
787 829 830 2
787 788 830 2
788 830 831 2
788 789 831 2
789 831 832 2
789 790 832 2
790 832 833 2
790 791 833 2
791 833 834 2
791 792 834 2
792 834 835 2
792 793 835 2
793 835 836 2
793 794 836 2
794 836 837 2
794 795 837 2
795 837 838 2
795 796 838 2
796 838 839 2
796 797 839 2
797 839 840 2
797 798 840 2
798 840 841 2
798 799 841 2
799 841 842 2
799 800 842 2
800 842 843 2
800 801 843 2
801 843 844 2
801 802 844 2
802 844 845 2
802 803 845 2
803 845 846 2
803 804 846 2
804 846 847 2
804 805 847 2
805 847 848 2
805 806 848 2
806 848 849 2
806 807 849 2
807 849 850 2
807 808 850 2
808 850 851 2
808 809 851 2
809 851 852 2
809 810 852 2
810 852 853 2
810 811 853 2
811 853 854 2
811 812 854 2
812 854 855 2
812 813 855 2
813 855 856 2
813 814 856 2
814 856 857 2
814 815 857 2
815 857 858 2
815 816 858 2
816 858 859 2
816 817 859 1
817 859 860 1
818 819 861 1
819 861 862 1
819 820 862 2
820 862 863 2
820 821 863 2
821 863 864 2
821 822 864 2
822 864 865 2
822 823 865 2
823 865 866 2
823 824 866 2
824 866 867 2
824 825 867 2
825 867 868 2
825 826 868 2
826 868 869 2
826 827 869 2
827 869 870 2
827 828 870 2
828 870 871 2
828 829 871 2
829 871 872 2
829 830 872 2
830 872 873 2
830 831 873 2
831 873 874 2
831 832 874 2
832 874 875 2
832 833 875 2
833 875 876 2
833 834 876 2
834 876 877 2
834 835 877 2
835 877 878 2
835 836 878 2
836 878 879 2
836 837 879 2
837 879 880 2
837 838 880 2
838 880 881 2
838 839 881 2
839 881 882 2
839 840 882 2
840 882 883 2
840 841 883 2
841 883 884 2
841 842 884 2
842 884 885 2
842 843 885 2
843 885 886 2
843 844 886 2
844 886 887 2
844 845 887 2
845 887 888 2
845 846 888 2
846 888 889 2
846 847 889 2
847 889 890 2
847 848 890 2
848 890 891 2
848 849 891 2
849 891 892 2
849 850 892 2
850 892 893 2
850 851 893 2
851 893 894 2
851 852 894 2
852 894 895 2
852 853 895 2
853 895 896 2
853 854 896 2
854 896 897 2
854 855 897 2
855 897 898 2
855 856 898 2
856 898 899 2
856 857 899 2
857 899 900 2
857 858 900 2
858 900 901 2
858 859 901 2
859 901 902 2
859 860 902 1
860 902 903 1
861 862 904 1
862 904 905 1
862 863 905 2
863 905 906 2
863 864 906 2
864 906 907 2
864 865 907 2
865 907 908 2
865 866 908 2
866 908 909 2
866 867 909 2
867 909 910 2
867 868 910 2
868 910 911 2
868 869 911 2
869 911 912 2
869 870 912 2
870 912 913 2
870 871 913 2
871 913 914 2
871 872 914 2
872 914 915 2
872 873 915 2
873 915 916 2
873 874 916 2
874 916 917 2
874 875 917 2
875 917 918 2
875 876 918 2
876 918 919 2
876 877 919 2
877 919 920 2
877 878 920 2
878 920 921 2
878 879 921 2
879 921 922 2
879 880 922 2
880 922 923 2
880 881 923 2
881 923 924 2
881 882 924 2
882 924 925 2
882 883 925 2
883 925 926 2
883 884 926 2
884 926 927 2
884 885 927 2
885 927 928 2
885 886 928 2
886 928 929 2
886 887 929 2
887 929 930 2
887 888 930 2
888 930 931 2
888 889 931 2
889 931 932 2
889 890 932 2
890 932 933 2
890 891 933 2
891 933 934 2
891 892 934 2
892 934 935 2
892 893 935 2
893 935 936 2
893 894 936 2
894 936 937 2
894 895 937 2
895 937 938 2
895 896 938 2
896 938 939 2
896 897 939 2
897 939 940 2
897 898 940 2
898 940 941 2
898 899 941 2
899 941 942 2
899 900 942 2
900 942 943 2
900 901 943 2
901 943 944 2
901 902 944 2
902 944 945 2
902 903 945 1
903 945 946 1
904 905 947 1
905 947 948 1
905 906 948 1
906 948 949 1
906 907 949 1
907 949 950 1
907 908 950 1
908 950 951 1
908 909 951 1
909 951 952 1
909 910 952 1
910 952 953 1
910 911 953 1
911 953 954 1
911 912 954 1
912 954 955 1
912 913 955 1
913 955 956 1
913 914 956 1
914 956 957 1
914 915 957 1
915 957 958 1
915 916 958 1
916 958 959 1
916 917 959 1
917 959 960 1
917 918 960 1
918 960 961 1
918 919 961 1
919 961 962 1
919 920 962 1
920 962 963 1
920 921 963 1
921 963 964 1
921 922 964 1
922 964 965 1
922 923 965 1
923 965 966 1
923 924 966 1
924 966 967 1
924 925 967 1
925 967 968 1
925 926 968 1
926 968 969 1
926 927 969 1
927 969 970 1
927 928 970 1
928 970 971 1
928 929 971 1
929 971 972 1
929 930 972 1
930 972 973 1
930 931 973 1
931 973 974 1
931 932 974 1
932 974 975 1
932 933 975 1
933 975 976 1
933 934 976 1
934 976 977 1
934 935 977 1
935 977 978 1
935 936 978 1
936 978 979 1
936 937 979 1
937 979 980 1
937 938 980 1
938 980 981 1
938 939 981 1
939 981 982 1
939 940 982 1
940 982 983 1
940 941 983 1
941 983 984 1
941 942 984 1
942 984 985 1
942 943 985 1
943 985 986 1
943 944 986 1
944 986 987 1
944 945 987 1
945 987 988 1
945 946 988 1
946 988 989 1
